0.851 0.586 2.000 1.000 7.500 -0.000
0.755 0.578 2.000 2.000 7.500 -0.002
0.717 0.562 2.000 3.000 7.500 -0.006
0.549 0.773 2.000 6.000 7.500 0.000
0.522 0.801 2.000 7.000 7.500 -0.000
0.648 0.746 2.000 22.000 7.500 0.000
0.632 0.777 2.000 23.000 7.500 -0.000
0.793 0.699 2.000 24.000 7.500 0.000
0.810 0.707 2.000 25.000 7.500 -0.000
0.533 1.801 2.000 39.000 7.500 0.000
0.567 1.797 2.000 41.000 7.500 -0.000
0.519 1.828 2.000 43.000 7.500 -0.001
0.526 1.848 2.000 47.000 7.500 -0.001
0.581 1.859 2.000 52.000 7.500 -0.002
0.522 1.848 2.000 54.000 7.500 -0.003
0.538 1.887 2.000 59.000 7.500 -0.003
0.621 0.527 2.000 71.000 7.500 -0.002
0.234 2.074 2.000 76.000 7.500 -0.038
0.569 1.789 2.000 85.000 7.500 0.000
0.763 0.656 2.000 101.000 7.500 -0.001
0.635 0.664 2.000 102.000 7.500 -0.003
0.519 0.691 2.000 103.000 7.500 -0.006
0.882 0.621 2.000 105.000 7.500 -0.000
0.800 0.621 2.000 106.000 7.500 -0.001
0.726 0.613 2.000 107.000 7.500 -0.004
0.645 0.621 2.000 108.000 7.500 -0.010
0.868 0.609 2.000 109.000 7.500 0.000
0.597 0.648 2.000 111.000 7.500 -0.024
0.682 0.547 2.000 115.000 7.500 -0.014
0.644 0.535 2.000 116.000 7.500 -0.034
2.186 0.762 2.000 119.000 8.000 -0.002
2.067 0.809 2.000 120.000 8.000 -0.007
2.050 0.840 2.000 121.000 8.000 -0.022
2.003 0.703 2.000 122.000 8.000 -0.055
1.507 0.844 2.000 125.000 8.000 -0.001
1.374 0.891 2.000 126.000 8.000 -0.003
1.179 0.945 2.000 127.000 8.000 -0.009
0.977 1.934 2.000 128.000 8.000 -0.040
0.849 2.512 2.000 129.000 8.000 -0.020
0.986 2.035 2.000 130.000 8.000 -0.093
0.506 3.434 2.000 131.000 8.000 -0.011
0.916 2.211 2.000 132.000 8.000 -0.055
1.140 2.133 2.000 133.000 8.000 -0.020
1.071 2.020 2.000 134.000 8.000 -0.040
0.930 2.129 2.000 135.000 8.000 -0.068
0.946 2.102 2.000 136.000 8.000 -0.094
1.446 0.945 2.000 137.000 8.000 -0.017
1.311 0.938 2.000 138.000 8.000 -0.038
1.184 0.883 2.000 139.000 8.000 -0.077
1.098 0.910 2.000 140.000 8.000 -0.134
1.841 0.848 2.000 141.000 8.000 -0.002
1.648 0.902 2.000 142.000 8.000 -0.007
2.296 0.809 2.000 143.000 8.000 -0.000
2.129 0.848 2.000 144.000 8.000 -0.003
1.009 2.246 2.000 145.000 8.000 -0.176
0.835 0.492 2.000 146.000 8.000 -0.185
1.148 2.266 2.000 147.000 8.000 -0.145
0.610 0.402 2.000 148.000 8.000 -0.158
1.273 1.945 2.000 149.000 8.000 -0.013
0.929 0.543 2.000 150.000 8.000 -0.010
1.086 1.980 2.000 151.000 8.000 -0.017
0.924 0.527 2.000 152.000 8.000 -0.025
0.930 1.941 2.000 153.000 8.000 -0.018
0.979 0.520 2.000 154.000 8.000 -0.059
0.839 2.508 2.000 155.000 8.000 -0.015
0.986 0.508 2.000 156.000 8.000 -0.120
0.706 0.527 2.000 157.000 8.000 -0.004
1.279 2.020 2.000 158.000 8.000 -0.001
0.678 0.512 2.000 159.000 8.000 -0.009
1.281 2.051 2.000 160.000 8.000 -0.004
0.637 0.496 2.000 161.000 8.000 -0.021
1.372 2.059 2.000 162.000 8.000 -0.008
0.681 3.523 2.000 163.000 8.000 -0.043
1.164 2.020 2.000 164.000 8.000 -0.001
1.329 2.078 2.000 165.000 8.000 -0.004
1.401 2.109 2.000 166.000 8.000 -0.010
0.705 0.547 2.000 167.000 8.000 -0.001
0.886 2.254 2.000 168.000 8.000 -0.019
0.636 0.453 2.000 169.000 8.000 -0.078
0.528 0.414 2.000 170.000 8.000 -0.104
1.372 1.980 2.000 171.000 8.000 -0.017
0.558 3.473 2.000 172.000 8.000 -0.028
1.263 2.078 2.000 173.000 8.000 -0.025
1.122 2.070 2.000 175.000 8.000 -0.029
1.038 1.988 2.000 176.000 8.000 -0.027
1.321 2.109 2.000 177.000 8.000 -0.020
1.221 2.070 2.000 178.000 8.000 -0.034
1.087 2.121 2.000 180.000 8.000 -0.047
1.097 2.066 2.000 182.000 8.000 -0.051
0.536 3.430 2.000 183.000 8.000 -0.015
1.179 0.879 2.000 184.000 8.000 -0.001
1.099 2.066 2.000 185.000 8.000 -0.004
1.350 2.117 2.000 186.000 8.000 -0.010
1.690 0.703 2.000 187.000 8.000 0.000
1.708 0.730 2.000 188.000 8.000 -0.002
1.713 0.754 2.000 189.000 8.000 -0.009
1.699 0.621 2.000 190.000 8.000 -0.026
0.968 0.277 2.000 191.000 8.000 -0.145
0.659 1.848 2.000 192.000 8.000 -0.008
1.745 0.633 2.000 193.000 8.000 -0.064
1.737 0.664 2.000 194.000 8.000 -0.144
1.611 0.699 2.000 195.000 8.000 -0.261
1.337 0.664 2.000 196.000 8.000 -0.303
1.301 0.578 2.000 197.000 8.000 -0.027
0.935 1.820 2.000 198.000 8.000 -0.001
1.372 0.570 2.000 199.000 8.000 -0.067
0.769 1.836 2.000 200.000 8.000 -0.003
1.388 0.574 2.000 201.000 8.000 -0.146
0.693 2.762 2.000 202.000 8.000 -0.005
1.236 0.590 2.000 203.000 8.000 -0.246
1.156 1.988 2.000 204.000 8.000 -0.001
1.256 0.660 2.000 205.000 8.000 -0.000
1.171 1.996 2.000 206.000 8.000 -0.003
1.286 0.676 2.000 207.000 8.000 -0.003
1.124 1.883 2.000 208.000 8.000 -0.006
1.314 0.586 2.000 209.000 8.000 -0.010
0.926 0.574 2.000 210.000 8.000 -0.001
0.964 0.562 2.000 211.000 8.000 -0.003
0.987 0.535 2.000 212.000 8.000 -0.246
0.663 0.832 2.000 213.000 8.000 -0.062
0.906 1.883 2.000 214.000 8.000 -0.010
1.415 0.871 2.000 215.000 8.000 -0.222
0.778 1.879 2.000 216.000 8.000 -0.012
1.221 0.793 2.000 217.000 8.000 -0.256
0.695 2.453 2.000 218.000 8.000 -0.012
1.245 2.117 2.000 219.000 8.000 -0.150
1.913 0.898 2.000 220.000 8.000 -0.011
1.725 0.934 2.000 221.000 8.000 -0.028
1.611 0.801 2.000 222.000 8.000 -0.065
1.522 0.895 2.000 223.000 8.000 -0.132
2.240 0.836 2.000 224.000 8.000 -0.005
2.117 0.883 2.000 225.000 8.000 -0.016
1.978 0.898 2.000 226.000 8.000 -0.042
1.843 0.812 2.000 227.000 8.000 -0.096
2.364 0.789 2.000 228.000 8.000 -0.001
2.065 0.730 2.000 229.000 8.000 0.001
1.769 0.883 2.000 230.000 8.000 -0.192
1.579 0.828 2.000 231.000 8.000 -0.293
1.297 0.727 2.000 232.000 8.000 -0.271
1.189 2.242 2.000 233.000 8.000 -0.077
1.896 0.773 2.000 234.000 8.000 -0.125
1.806 0.820 2.000 235.000 8.000 -0.239
1.547 0.762 2.000 236.000 8.000 -0.320
1.193 0.469 2.000 237.000 8.000 -0.223
3.797 0.992 2.000 238.000 8.500 -0.040
4.008 1.043 2.000 239.000 8.500 -0.104
4.072 0.871 2.000 240.000 8.500 -0.245
4.175 0.992 2.000 241.000 8.500 -0.511
1.616 0.570 2.000 242.000 8.500 -0.068
1.690 0.566 2.000 243.000 8.500 -0.142
3.510 1.016 2.000 244.000 8.500 -0.024
3.619 1.066 2.000 245.000 8.500 -0.059
3.738 1.047 2.000 246.000 8.500 -0.135
2.736 2.625 2.000 247.000 8.500 -0.137
2.578 2.535 2.000 248.000 8.500 0.170
2.950 2.641 2.000 249.000 8.500 -0.302
1.842 0.566 2.000 250.000 8.500 -0.260
2.895 2.457 2.000 251.000 8.500 0.107
3.721 1.027 2.000 252.000 8.500 -0.285
3.767 1.004 2.000 253.000 8.500 -0.525
3.609 0.922 2.000 254.000 8.500 -0.734
3.169 0.863 2.000 255.000 8.500 -0.657
3.885 0.938 2.000 256.000 8.500 -0.220
3.995 1.020 2.000 257.000 8.500 -0.445
4.026 0.957 2.000 258.000 8.500 -0.718
3.714 0.883 2.000 259.000 8.500 -0.778
3.685 1.031 2.000 260.000 8.500 -0.040
3.894 1.066 2.000 261.000 8.500 -0.098
3.775 0.977 2.000 262.000 8.500 -0.023
3.856 1.039 2.000 263.000 8.500 -0.060
2.973 0.836 2.000 264.000 8.500 -0.487
2.632 0.762 2.000 265.000 8.500 -0.400
2.916 2.625 2.000 266.000 8.500 -0.047
2.755 1.668 2.000 267.000 8.500 0.099
2.462 1.086 2.000 268.000 8.500 -0.212
3.565 0.922 2.000 269.000 8.500 -0.171
2.137 1.043 2.000 270.000 8.500 -0.298
3.795 0.859 2.000 271.000 8.500 -0.385
1.961 2.098 2.000 272.000 8.500 -0.252
3.810 0.898 2.000 273.000 8.500 -0.683
2.069 2.012 2.000 274.000 8.500 -0.121
3.470 0.828 2.000 275.000 8.500 -0.747
2.863 0.844 2.000 276.000 8.500 -0.078
2.823 1.094 2.000 277.000 8.500 -0.029
3.020 0.660 2.000 278.000 8.500 -0.189
2.672 1.098 2.000 279.000 8.500 -0.064
3.298 0.707 2.000 280.000 8.500 -0.416
2.641 1.008 2.000 281.000 8.500 -0.122
3.243 0.754 2.000 282.000 8.500 -0.679
3.072 1.082 2.000 283.000 8.500 -0.033
2.998 1.094 2.000 284.000 8.500 -0.074
2.995 1.008 2.000 285.000 8.500 -0.150
2.584 0.828 2.000 286.000 8.500 -0.030
2.233 2.449 2.000 287.000 8.500 -0.036
2.830 0.750 2.000 288.000 8.500 -0.642
2.000 0.703 2.000 289.000 8.500 -0.263
2.842 1.059 2.000 290.000 8.500 -0.276
2.489 0.648 2.000 291.000 8.500 -0.569
2.717 1.008 2.000 292.000 8.500 -0.430
2.000 0.660 2.000 293.000 8.500 -0.460
2.263 0.934 2.000 294.000 8.500 -0.470
2.194 2.656 2.000 295.000 8.500 -0.273
3.385 1.043 2.000 296.000 8.500 -0.311
3.312 0.988 2.000 297.000 8.500 -0.525
2.179 0.598 2.000 298.000 8.500 -0.080
3.001 0.914 2.000 299.000 8.500 -0.649
2.355 0.605 2.000 300.000 8.500 -0.187
2.562 2.645 2.000 301.000 8.500 -0.481
2.614 0.621 2.000 302.000 8.500 -0.390
3.309 1.055 2.000 303.000 8.500 -0.031
3.428 1.086 2.000 304.000 8.500 -0.073
3.434 0.961 2.000 305.000 8.500 -0.157
3.714 0.926 2.000 306.000 8.500 -0.016
3.834 0.992 2.000 307.000 8.500 -0.049
4.039 1.035 2.000 308.000 8.500 -0.125
4.094 0.902 2.000 309.000 8.500 -0.293
3.217 1.523 2.000 310.000 8.500 0.339
2.355 2.160 2.000 311.000 8.500 -0.089
4.174 0.988 2.000 312.000 8.500 -0.586
3.996 0.922 2.000 313.000 8.500 -0.816
3.399 0.844 2.000 314.000 8.500 -0.638
2.820 2.371 2.000 315.000 8.500 -0.170
4.033 0.930 2.000 316.000 8.500 -0.340
2.325 2.195 2.000 317.000 8.500 -0.019
4.092 0.973 2.000 318.000 8.500 -0.645
2.400 2.199 2.000 319.000 8.500 -0.044
3.829 0.891 2.000 320.000 8.500 -0.800
2.430 2.203 2.000 321.000 8.500 -0.076
3.075 0.805 2.000 322.000 8.500 -0.524
2.490 1.098 2.000 323.000 8.500 -0.023
3.273 0.926 2.000 324.000 8.500 -0.020
2.452 1.113 2.000 325.000 8.500 -0.050
3.626 0.984 2.000 326.000 8.500 -0.059
2.567 2.125 2.000 327.000 8.500 -0.097
3.926 1.008 2.000 328.000 8.500 -0.148
2.774 0.902 2.000 329.000 8.500 -0.025
3.364 0.945 2.000 330.000 8.500 -0.069
2.650 1.742 2.000 331.000 8.500 -0.028
3.562 1.512 2.000 332.000 8.500 0.484
2.456 2.207 2.000 333.000 8.500 -0.156
3.480 0.855 2.000 334.000 8.500 -0.672
2.180 2.141 2.000 335.000 8.500 -0.161
2.982 2.363 2.000 336.000 8.500 -0.255
2.181 2.055 2.000 337.000 8.500 -0.117
2.820 2.277 2.000 338.000 8.500 0.212
3.965 1.051 2.000 339.000 8.500 -0.144
4.025 0.980 2.000 340.000 8.500 -0.320
4.159 0.992 2.000 341.000 8.500 -0.604
4.015 0.914 2.000 342.000 8.500 -0.818
3.946 1.043 2.000 343.000 8.500 -0.082
4.010 1.031 2.000 344.000 8.500 -0.195
4.138 1.000 2.000 345.000 8.500 -0.421
4.176 0.969 2.000 346.000 8.500 -0.725
3.713 0.988 2.000 347.000 8.500 -0.031
3.817 0.926 2.000 348.000 8.500 -0.012
3.877 0.887 2.000 349.000 8.500 -0.812
3.254 2.320 2.000 350.000 8.500 -0.503
3.156 2.348 2.000 351.000 8.500 -0.029
3.470 1.453 2.000 352.000 8.500 0.450
4.091 0.949 2.000 353.000 8.500 -0.794
3.661 0.867 2.000 354.000 8.500 -0.740
3.167 2.309 2.000 355.000 8.500 -0.329
3.071 2.332 2.000 356.000 8.500 0.169
6.664 1.074 2.000 357.000 9.000 -0.793
5.931 1.113 2.000 363.000 9.000 -0.505
7.134 1.094 2.000 364.000 9.000 -1.060
6.594 1.113 2.000 379.000 9.000 -0.787
5.953 0.996 2.000 381.000 9.000 -0.498
7.145 1.098 2.000 382.000 9.000 -1.092
7.743 1.070 2.000 395.000 9.000 -1.565
6.734 1.141 2.000 396.000 9.000 -0.506
7.441 1.090 2.000 398.000 9.000 -0.932
6.381 1.133 2.000 402.000 9.000 -0.594
7.486 1.070 2.000 403.000 9.000 -1.128
6.609 1.098 2.000 405.000 9.000 -0.801
6.182 1.133 2.000 422.000 9.000 -0.607
7.465 1.070 2.000 423.000 9.000 -1.201
5.741 1.129 2.000 425.000 9.000 -0.390
6.963 1.090 2.000 426.000 9.000 -0.941
6.412 1.145 2.000 436.000 9.000 -0.418
6.906 1.148 2.000 442.000 9.000 -0.426
5.962 1.117 2.000 443.000 9.000 -0.473
7.463 1.109 2.000 444.000 9.000 -0.783
7.236 1.094 2.000 445.000 9.000 -1.106
6.239 1.004 2.000 448.000 9.000 -0.597
7.492 1.086 2.000 449.000 9.000 -1.309
7.530 1.082 2.000 462.000 9.000 -1.367
6.332 1.043 2.000 466.000 9.000 -0.646
5.527 1.137 2.000 467.000 9.000 -0.322
5.005 0.875 2.000 595.000 8.686 -0.020
5.921 0.891 2.000 596.000 8.686 -0.020
4.349 0.828 2.000 597.000 8.686 -0.021
6.211 0.898 2.000 598.000 8.686 -0.020
4.241 0.824 2.000 599.000 8.686 -0.021
6.644 0.883 2.000 600.000 8.686 -0.019
6.776 0.926 2.000 601.000 8.686 -0.021
7.387 0.949 2.000 602.000 8.686 -0.022
6.398 0.918 2.000 603.000 8.686 -0.021
7.473 0.953 2.000 604.000 8.686 -0.022
6.202 0.918 2.000 605.000 8.686 -0.021
7.519 0.961 2.000 606.000 8.686 -0.023
7.360 0.957 2.000 607.000 8.686 -0.021
7.292 0.973 2.000 608.000 8.686 -0.021
7.177 0.949 2.000 609.000 8.686 -0.021
7.104 0.984 2.000 610.000 8.686 -0.022
7.161 0.945 2.000 611.000 8.686 -0.021
7.069 0.984 2.000 612.000 8.686 -0.021
7.083 0.977 2.000 613.000 8.686 -0.020
6.600 0.996 2.000 614.000 8.686 -0.020
7.091 0.977 2.000 615.000 8.686 -0.020
6.040 1.000 2.000 616.000 8.686 -0.019
6.884 0.973 2.000 617.000 8.686 -0.019
5.845 1.004 2.000 618.000 8.686 -0.019
6.475 0.992 2.000 619.000 8.686 -0.019
5.411 1.004 2.000 620.000 8.686 -0.017
6.930 0.984 2.000 621.000 8.686 -0.020
4.976 1.004 2.000 622.000 8.686 -0.015
7.019 0.980 2.000 623.000 8.686 -0.021
4.841 1.004 2.000 624.000 8.686 -0.014
4.792 1.016 2.000 625.000 8.686 -0.014
3.973 1.004 2.000 626.000 8.686 -0.012
5.223 1.016 2.000 627.000 8.686 -0.015
3.699 1.000 2.000 628.000 8.686 -0.012
5.405 1.012 2.000 629.000 8.686 -0.014
3.654 0.996 2.000 630.000 8.686 -0.012
3.679 2.227 2.000 631.000 8.686 -0.015
3.606 2.188 2.000 632.000 8.686 -0.014
4.083 1.043 2.000 633.000 8.686 -0.016
3.375 2.168 2.000 634.000 8.686 -0.015
4.121 1.051 2.000 635.000 8.686 -0.018
3.171 2.199 2.000 636.000 8.686 -0.016
7.152 0.949 2.000 637.000 8.769 -0.028
7.474 0.965 2.000 638.000 8.769 -0.028
6.741 0.941 2.000 639.000 8.769 -0.029
7.483 0.977 2.000 640.000 8.769 -0.028
6.529 0.938 2.000 641.000 8.769 -0.029
7.307 0.984 2.000 642.000 8.769 -0.028
6.472 0.938 2.000 643.000 8.769 -0.029
7.341 0.984 2.000 644.000 8.769 -0.027
7.305 0.965 2.000 645.000 8.769 -0.027
7.313 0.984 2.000 646.000 8.769 -0.027
7.249 0.961 2.000 647.000 8.769 -0.027
7.088 0.992 2.000 648.000 8.769 -0.027
7.176 0.957 2.000 649.000 8.769 -0.027
6.894 0.992 2.000 650.000 8.769 -0.027
7.146 0.957 2.000 651.000 8.769 -0.026
6.798 0.996 2.000 652.000 8.769 -0.027
7.299 0.977 2.000 653.000 8.769 -0.025
6.886 0.992 2.000 654.000 8.769 -0.023
7.360 0.969 2.000 655.000 8.769 -0.026
6.574 0.996 2.000 656.000 8.769 -0.022
7.312 0.965 2.000 657.000 8.769 -0.026
6.445 0.996 2.000 658.000 8.769 -0.020
7.397 0.965 2.000 659.000 8.769 -0.026
6.350 0.996 2.000 660.000 8.769 -0.020
6.850 0.996 2.000 661.000 8.769 -0.023
5.776 1.004 2.000 662.000 8.769 -0.021
7.098 0.988 2.000 663.000 8.769 -0.023
5.256 1.004 2.000 664.000 8.769 -0.020
7.035 0.988 2.000 665.000 8.769 -0.023
5.158 1.004 2.000 666.000 8.769 -0.019
7.058 0.988 2.000 667.000 8.769 -0.022
5.095 1.004 2.000 668.000 8.769 -0.020
6.191 1.000 2.000 669.000 8.769 -0.024
4.943 1.004 2.000 670.000 8.769 -0.022
6.707 0.996 2.000 671.000 8.769 -0.026
4.505 1.000 2.000 672.000 8.769 -0.022
6.985 0.988 2.000 673.000 8.769 -0.027
4.378 0.996 2.000 674.000 8.769 -0.022
7.112 0.988 2.000 675.000 8.769 -0.028
4.324 0.996 2.000 676.000 8.769 -0.022
8.035 0.961 2.000 677.000 8.887 -0.043
8.495 0.980 2.000 678.000 8.887 -0.042
7.777 0.957 2.000 679.000 8.887 -0.043
8.434 0.992 2.000 680.000 8.887 -0.042
7.608 0.953 2.000 681.000 8.887 -0.044
8.408 0.996 2.000 682.000 8.887 -0.042
7.582 0.953 2.000 683.000 8.887 -0.044
8.313 0.996 2.000 684.000 8.887 -0.041
8.401 0.980 2.000 685.000 8.887 -0.041
8.298 0.996 2.000 686.000 8.887 -0.041
8.279 0.973 2.000 687.000 8.887 -0.040
7.939 1.004 2.000 688.000 8.887 -0.040
8.168 0.969 2.000 689.000 8.887 -0.040
7.871 1.008 2.000 690.000 8.887 -0.040
8.084 0.969 2.000 691.000 8.887 -0.040
7.773 1.008 2.000 692.000 8.887 -0.040
8.408 0.992 2.000 693.000 8.887 -0.038
7.825 1.008 2.000 694.000 8.887 -0.035
8.486 0.984 2.000 695.000 8.887 -0.038
7.431 1.012 2.000 696.000 8.887 -0.032
8.403 0.980 2.000 697.000 8.887 -0.039
7.243 1.012 2.000 698.000 8.887 -0.031
8.489 0.980 2.000 699.000 8.887 -0.039
7.201 1.012 2.000 700.000 8.887 -0.030
7.731 1.008 2.000 701.000 8.887 -0.034
6.944 1.020 2.000 702.000 8.887 -0.031
8.054 1.000 2.000 703.000 8.887 -0.035
6.534 1.020 2.000 704.000 8.887 -0.029
8.149 1.000 2.000 705.000 8.887 -0.035
6.348 1.020 2.000 706.000 8.887 -0.029
8.130 1.000 2.000 707.000 8.887 -0.034
6.308 1.016 2.000 708.000 8.887 -0.029
7.181 1.016 2.000 709.000 8.887 -0.037
5.995 1.016 2.000 710.000 8.887 -0.033
7.744 1.008 2.000 711.000 8.887 -0.039
5.528 1.016 2.000 712.000 8.887 -0.032
7.974 1.004 2.000 713.000 8.887 -0.040
5.352 1.012 2.000 714.000 8.887 -0.033
8.072 1.000 2.000 715.000 8.887 -0.042
5.285 1.012 2.000 716.000 8.887 -0.033
8.337 0.984 2.000 717.000 8.951 -0.049
8.192 1.004 2.000 718.000 8.951 -0.046
8.173 0.980 2.000 719.000 8.951 -0.050
7.831 1.008 2.000 720.000 8.951 -0.043
8.000 0.977 2.000 721.000 8.951 -0.051
7.740 1.012 2.000 722.000 8.951 -0.042
7.953 0.977 2.000 723.000 8.951 -0.051
7.673 1.012 2.000 724.000 8.951 -0.040
7.933 0.977 2.000 725.000 8.951 -0.052
7.619 1.012 2.000 726.000 8.951 -0.040
8.326 0.996 2.000 727.000 8.951 -0.046
7.854 1.008 2.000 728.000 8.951 -0.043
8.384 0.988 2.000 729.000 8.951 -0.046
7.484 1.012 2.000 730.000 8.951 -0.041
8.406 0.984 2.000 731.000 8.951 -0.046
7.341 1.012 2.000 732.000 8.951 -0.040
8.310 0.984 2.000 733.000 8.951 -0.046
7.262 1.012 2.000 734.000 8.951 -0.040
8.233 0.984 2.000 735.000 8.951 -0.046
7.233 1.012 2.000 736.000 8.951 -0.041
8.178 1.004 2.000 737.000 8.951 -0.046
7.413 1.012 2.000 738.000 8.951 -0.042
8.423 0.996 2.000 739.000 8.951 -0.048
7.036 1.012 2.000 740.000 8.951 -0.041
8.516 0.992 2.000 741.000 8.951 -0.048
6.817 1.012 2.000 742.000 8.951 -0.042
8.540 0.988 2.000 743.000 8.951 -0.048
6.826 1.008 2.000 744.000 8.951 -0.042
8.600 0.988 2.000 745.000 8.951 -0.049
6.824 1.008 2.000 746.000 8.951 -0.042
8.423 0.996 2.000 747.000 9.004 -0.058
7.855 1.008 2.000 748.000 9.004 -0.054
8.303 0.988 2.000 749.000 9.004 -0.059
7.518 1.012 2.000 750.000 9.004 -0.052
8.270 0.988 2.000 751.000 9.004 -0.060
7.369 1.012 2.000 752.000 9.004 -0.052
8.194 0.988 2.000 753.000 9.004 -0.061
7.277 1.012 2.000 754.000 9.004 -0.052
8.164 0.988 2.000 755.000 9.004 -0.061
7.246 1.012 2.000 756.000 9.004 -0.052
8.139 0.988 2.000 757.000 9.004 -0.061
7.210 1.012 2.000 758.000 9.004 -0.052
9.271 1.000 2.000 759.000 9.087 -0.077
8.618 1.016 2.000 760.000 9.087 -0.072
9.113 1.004 2.000 761.000 9.087 -0.079
8.179 1.020 2.000 762.000 9.087 -0.069
8.975 0.992 2.000 763.000 9.087 -0.080
8.014 1.020 2.000 764.000 9.087 -0.069
8.923 0.992 2.000 765.000 9.087 -0.081
7.913 1.020 2.000 766.000 9.087 -0.070
8.853 1.004 2.000 767.000 9.087 -0.081
7.879 1.020 2.000 768.000 9.087 -0.070
8.832 0.992 2.000 769.000 9.087 -0.082
7.885 1.020 2.000 770.000 9.087 -0.070
