323
434
175
385
430
92
436
21
141
360
357
160
361
291
106
20
89
22
44
31
9
252
426
326
63
76
38
245
356
151
104
11
40
146
339
253
383
75
205
54
172
463
199
393
442
138
250
450
126
438
235
449
452
140
322
454
403
243
363
424
201
251
404
354
301
6
231
258
237
246
306
193
238
135
108
311
167
225
347
254
457
460
379
284
83
447
410
220
433
56
173
234
112
401
395
14
102
130
35
198
191
37
29
336
154
129
217
241
65
27
283
421
188
346
389
312
189
462
211
109
330
448
239
204
114
153
420
380
325
398
41
2
294
161
268
71
1
236
163
119
88
215
32
296
209
165
423
19
267
256
458
290
125
82
368
24
416
183
365
348
128
418
58
100
275
305
142
341
81
378
13
187
36
313
281
110
441
182
413
298
299
74
103
116
39
223
152
147
222
328
342
134
229
170
93
224
358
411
86
371
292
266
376
196
113
157
390
295
321
121
33
297
59
392
269
168
303
439
8
4
345
0
362
166
314
96
409
79
15
51
415
143
324
150
53
399
414
43
257
85
10
402
372
307
200
431
274
218
210
72
5
195
337
242
276
181
391
162
300
397
18
335
213
459
118
233
340
45
132
177
406
327
50
180
192
230
127
285
387
94
417
373
48
381
273
435
67
203
259
244
228
73
98
97
226
432
437
338
453
25
158
396
240
123
78
47
280
120
117
202
382
262
124
377
270
42
310
374
318
84
111
95
171
221
425
69
440
353
316
34
212
99
136
364
277
265
429
216
289
87
329
80
369
91
288
272
30
309
208
304
12
249
444
445
384
52
176
16
286
206
271
405
344
451
139
145
428
367
159
179
400
331
