4.108886718750000000e+00
4.409772872924804688e+00
3.845113277435302734e+00
4.185685157775878906e+00
4.085376739501953125e+00
4.341945648193359375e+00
4.382945060729980469e+00
4.195878028869628906e+00
4.511653900146484375e+00
4.505589008331298828e+00
4.157030105590820312e+00
4.362831592559814453e+00
4.035507202148437500e+00
4.722254753112792969e+00
4.392243862152099609e+00
4.617195129394531250e+00
4.471477031707763672e+00
4.302485466003417969e+00
4.254575729370117188e+00
4.496398448944091797e+00
4.064908027648925781e+00
4.594989299774169922e+00
4.428980350494384766e+00
4.172364711761474609e+00
4.008310317993164062e+00
4.170659542083740234e+00
4.369318962097167969e+00
4.047986984252929688e+00
4.463793754577636719e+00
4.231209754943847656e+00
4.045742034912109375e+00
4.224943161010742188e+00
4.096507549285888672e+00
4.305521011352539062e+00
4.453939437866210938e+00
4.151758670806884766e+00
4.097371578216552734e+00
4.408538818359375000e+00
3.849549770355224609e+00
4.255033493041992188e+00
4.179307460784912109e+00
4.216999530792236328e+00
4.445666313171386719e+00
4.366863250732421875e+00
4.364181518554687500e+00
4.074335098266601562e+00
4.269500732421875000e+00
4.099913597106933594e+00
4.356346130371093750e+00
4.020808219909667969e+00
4.311964511871337891e+00
4.086673259735107422e+00
4.400909423828125000e+00
4.208525657653808594e+00
4.375114440917968750e+00
4.299633026123046875e+00
4.183377265930175781e+00
4.242785930633544922e+00
4.246658325195312500e+00
4.417203903198242188e+00
4.215401649475097656e+00
4.289923191070556641e+00
4.040321350097656250e+00
4.311709403991699219e+00
4.328026771545410156e+00
4.582752227783203125e+00
4.187973976135253906e+00
4.149754524230957031e+00
4.076347351074218750e+00
4.478954315185546875e+00
4.497190952301025391e+00
4.138294219970703125e+00
4.178094863891601562e+00
4.060147762298583984e+00
4.209873199462890625e+00
4.178674221038818359e+00
4.345819950103759766e+00
4.376824378967285156e+00
4.048524856567382812e+00
4.230006694793701172e+00
4.257737159729003906e+00
4.214599609375000000e+00
4.265248298645019531e+00
4.132266998291015625e+00
4.344316482543945312e+00
4.593810081481933594e+00
4.236133575439453125e+00
4.352708816528320312e+00
4.177406311035156250e+00
4.084029197692871094e+00
4.089112758636474609e+00
3.888078927993774414e+00
4.306822776794433594e+00
4.195426940917968750e+00
4.136261940002441406e+00
3.953946590423583984e+00
4.156308174133300781e+00
4.470572471618652344e+00
3.848125457763671875e+00
4.343810081481933594e+00
