1.324225330352783203e+01
1.328028869628906250e+01
1.325921916961669922e+01
1.302354431152343750e+01
1.304590702056884766e+01
1.345792579650878906e+01
1.309049987792968750e+01
1.313641548156738281e+01
1.313150787353515625e+01
1.319910717010498047e+01
1.355747222900390625e+01
1.313852500915527344e+01
1.334047317504882812e+01
1.318753242492675781e+01
1.322981929779052734e+01
1.303591060638427734e+01
1.305213451385498047e+01
1.288736820220947266e+01
1.301314830780029297e+01
1.301934814453125000e+01
1.324569988250732422e+01
1.303763484954833984e+01
1.284626579284667969e+01
1.350945663452148438e+01
1.290053558349609375e+01
1.330600738525390625e+01
1.313040161132812500e+01
1.323411846160888672e+01
1.322363090515136719e+01
1.313070678710937500e+01
1.282274627685546875e+01
1.323709297180175781e+01
1.305369758605957031e+01
1.351373386383056641e+01
1.278366184234619141e+01
1.304458522796630859e+01
1.345366382598876953e+01
1.307230663299560547e+01
1.342648696899414062e+01
1.277544021606445312e+01
1.280094623565673828e+01
1.322810745239257812e+01
1.301727676391601562e+01
1.333907413482666016e+01
1.286068820953369141e+01
1.340171623229980469e+01
1.329932594299316406e+01
1.343038368225097656e+01
1.355860805511474609e+01
1.342471885681152344e+01
1.333676719665527344e+01
1.343765163421630859e+01
1.307544517517089844e+01
1.305410861968994141e+01
1.334574604034423828e+01
1.339022636413574219e+01
1.314755439758300781e+01
1.297204113006591797e+01
1.307939529418945312e+01
1.315475368499755859e+01
1.284866714477539062e+01
1.285743141174316406e+01
1.320856285095214844e+01
1.278043460845947266e+01
1.332306194305419922e+01
1.322369575500488281e+01
1.314407444000244141e+01
1.317622947692871094e+01
1.327901172637939453e+01
1.286259174346923828e+01
1.347520065307617188e+01
1.317647647857666016e+01
1.307939529418945312e+01
1.323439311981201172e+01
1.323129463195800781e+01
1.316191768646240234e+01
1.323701286315917969e+01
1.299026679992675781e+01
1.298574066162109375e+01
1.326859951019287109e+01
1.325130367279052734e+01
1.343907833099365234e+01
1.302265357971191406e+01
1.307913494110107422e+01
1.313853073120117188e+01
1.318555545806884766e+01
1.309209060668945312e+01
1.333275794982910156e+01
1.334282588958740234e+01
1.284893989562988281e+01
1.289788913726806641e+01
1.330303764343261719e+01
1.319527339935302734e+01
1.326427268981933594e+01
1.305272197723388672e+01
1.306274509429931641e+01
1.327115345001220703e+01
1.309692573547363281e+01
1.311882114410400391e+01
1.329169178009033203e+01
