1.259622287750244141e+01
1.257890319824218750e+01
1.257990837097167969e+01
1.228553676605224609e+01
1.235845947265625000e+01
1.288368606567382812e+01
1.238899421691894531e+01
1.236967658996582031e+01
1.244853305816650391e+01
1.261055660247802734e+01
1.288937759399414062e+01
1.242130661010742188e+01
1.274480056762695312e+01
1.253281116485595703e+01
1.268282032012939453e+01
1.228569889068603516e+01
1.246810531616210938e+01
1.222462177276611328e+01
1.238847446441650391e+01
1.240381622314453125e+01
1.262586688995361328e+01
1.241395568847656250e+01
1.222006988525390625e+01
1.286049365997314453e+01
1.217506599426269531e+01
1.263891887664794922e+01
1.253219509124755859e+01
1.266732311248779297e+01
1.255692481994628906e+01
1.246706485748291016e+01
1.212977790832519531e+01
1.251746177673339844e+01
1.237615966796875000e+01
1.285604953765869141e+01
1.213099479675292969e+01
1.229638767242431641e+01
1.288069343566894531e+01
1.242012882232666016e+01
1.280473518371582031e+01
1.211443519592285156e+01
1.218969726562500000e+01
1.264508247375488281e+01
1.236653327941894531e+01
1.269974613189697266e+01
1.218228244781494141e+01
1.278896522521972656e+01
1.263733196258544922e+01
1.276637649536132812e+01
1.294715785980224609e+01
1.278909683227539062e+01
1.271835517883300781e+01
1.271128368377685547e+01
1.244068527221679688e+01
1.240491962432861328e+01
1.268491840362548828e+01
1.274261951446533203e+01
1.255231857299804688e+01
1.240648269653320312e+01
1.239809131622314453e+01
1.256528854370117188e+01
1.220629501342773438e+01
1.214538955688476562e+01
1.248687934875488281e+01
1.207057571411132812e+01
1.267833900451660156e+01
1.268551826477050781e+01
1.245614242553710938e+01
1.255939674377441406e+01
1.262525463104248047e+01
1.214945983886718750e+01
1.280179595947265625e+01
1.255428028106689453e+01
1.238492774963378906e+01
1.262321090698242188e+01
1.255917358398437500e+01
1.254163074493408203e+01
1.262426090240478516e+01
1.240959358215332031e+01
1.237969589233398438e+01
1.261312103271484375e+01
1.260455894470214844e+01
1.279747962951660156e+01
1.235373306274414062e+01
1.248801422119140625e+01
1.250827693939208984e+01
1.258171081542968750e+01
1.246737861633300781e+01
1.264871978759765625e+01
1.261083412170410156e+01
1.217555046081542969e+01
1.229308700561523438e+01
1.269564342498779297e+01
1.256773090362548828e+01
1.253662109375000000e+01
1.248818302154541016e+01
1.242216396331787109e+01
1.255332279205322266e+01
1.236421775817871094e+01
1.246538925170898438e+01
1.272445583343505859e+01
