1.609794044494628906e+01
1.593707561492919922e+01
1.588092327117919922e+01
1.569210147857666016e+01
1.623666000366210938e+01
1.585822677612304688e+01
1.603509521484375000e+01
1.580368137359619141e+01
1.599219322204589844e+01
1.620101547241210938e+01
1.618721961975097656e+01
1.575922489166259766e+01
1.575679588317871094e+01
1.590906715393066406e+01
1.601673889160156250e+01
1.631067848205566406e+01
1.615644073486328125e+01
1.604712104797363281e+01
1.585797691345214844e+01
1.638978958129882812e+01
1.606540107727050781e+01
1.613735580444335938e+01
1.603123474121093750e+01
1.575997066497802734e+01
1.580876159667968750e+01
1.586338520050048828e+01
1.617157173156738281e+01
1.561006069183349609e+01
1.603932952880859375e+01
1.550592422485351562e+01
1.556117343902587891e+01
1.611068344116210938e+01
1.597132778167724609e+01
1.596580696105957031e+01
1.595395755767822266e+01
1.590391063690185547e+01
1.625518989562988281e+01
1.583712005615234375e+01
1.631062316894531250e+01
1.594872951507568359e+01
1.560533237457275391e+01
1.617428207397460938e+01
1.585770320892333984e+01
1.600699806213378906e+01
1.624292755126953125e+01
1.591038513183593750e+01
1.612808799743652344e+01
1.607981109619140625e+01
1.567224884033203125e+01
1.596369075775146484e+01
1.603177833557128906e+01
1.599293327331542969e+01
1.598474788665771484e+01
1.601390838623046875e+01
1.598644733428955078e+01
1.585767078399658203e+01
1.574445724487304688e+01
1.568910598754882812e+01
1.610981750488281250e+01
1.531240367889404297e+01
1.570823860168457031e+01
1.560073852539062500e+01
1.549223136901855469e+01
1.606663703918457031e+01
1.642840194702148438e+01
1.562434673309326172e+01
1.595213508605957031e+01
1.601145362854003906e+01
1.596412372589111328e+01
1.606135940551757812e+01
1.584458255767822266e+01
1.555644226074218750e+01
1.548030757904052734e+01
1.588327217102050781e+01
1.608347892761230469e+01
1.584913063049316406e+01
1.629704856872558594e+01
1.578801441192626953e+01
1.576456642150878906e+01
1.548842716217041016e+01
1.609600639343261719e+01
1.569285583496093750e+01
1.577853488922119141e+01
1.571846771240234375e+01
1.596138668060302734e+01
1.599275970458984375e+01
1.562771034240722656e+01
1.570643711090087891e+01
1.629427337646484375e+01
1.555266857147216797e+01
1.598651599884033203e+01
1.600189018249511719e+01
1.567688179016113281e+01
1.613856506347656250e+01
1.561016368865966797e+01
1.575427818298339844e+01
1.624680709838867188e+01
1.618242454528808594e+01
1.613566207885742188e+01
1.614511489868164062e+01
