3.902389049530029297e+00
3.792940616607666016e+00
3.771759986877441406e+00
3.801117897033691406e+00
3.803439855575561523e+00
3.852953672409057617e+00
3.789048671722412109e+00
3.787993907928466797e+00
3.994328260421752930e+00
3.711623430252075195e+00
3.638238191604614258e+00
3.794564723968505859e+00
3.837664842605590820e+00
3.908915519714355469e+00
3.819066286087036133e+00
3.814730644226074219e+00
3.834274291992187500e+00
3.877207279205322266e+00
3.876359701156616211e+00
4.046673774719238281e+00
3.692455053329467773e+00
3.860971689224243164e+00
3.909149646759033203e+00
3.964575529098510742e+00
3.792489767074584961e+00
3.765405178070068359e+00
3.952929019927978516e+00
3.757623434066772461e+00
3.875928163528442383e+00
3.651329278945922852e+00
3.790178060531616211e+00
3.897511005401611328e+00
3.837067365646362305e+00
3.955252885818481445e+00
3.836202383041381836e+00
3.616081237792968750e+00
3.717243909835815430e+00
3.627862453460693359e+00
3.728721618652343750e+00
3.798909664154052734e+00
3.775228261947631836e+00
3.705092430114746094e+00
3.764941215515136719e+00
3.671757459640502930e+00
3.726520061492919922e+00
3.787123203277587891e+00
3.817260742187500000e+00
3.692051172256469727e+00
3.895298719406127930e+00
3.737385749816894531e+00
4.024442195892333984e+00
3.868796825408935547e+00
3.972773313522338867e+00
3.851949930191040039e+00
3.663219690322875977e+00
4.076865673065185547e+00
3.686980247497558594e+00
3.804136753082275391e+00
3.687427997589111328e+00
3.759969472885131836e+00
3.597784042358398438e+00
3.879516124725341797e+00
3.721479654312133789e+00
3.718889474868774414e+00
3.760110378265380859e+00
3.787578105926513672e+00
3.791865587234497070e+00
3.930676698684692383e+00
3.703656911849975586e+00
3.825063228607177734e+00
3.796130895614624023e+00
3.642918109893798828e+00
3.688879966735839844e+00
3.922864913940429688e+00
3.653693675994873047e+00
3.797948837280273438e+00
3.894543409347534180e+00
3.934877157211303711e+00
3.874146461486816406e+00
3.977644920349121094e+00
3.957834482192993164e+00
3.863229036331176758e+00
3.832561731338500977e+00
3.902593851089477539e+00
3.849286794662475586e+00
3.781648635864257812e+00
4.021268367767333984e+00
3.831787347793579102e+00
3.701324462890625000e+00
3.656166076660156250e+00
3.768954992294311523e+00
3.553549289703369141e+00
3.897043704986572266e+00
3.958303689956665039e+00
3.689572572708129883e+00
3.787791013717651367e+00
3.598742961883544922e+00
3.678104162216186523e+00
3.521580934524536133e+00
3.772058486938476562e+00
