6.671003788709640725e-01
6.539438289403914917e-01
5.595708608627319336e+00
2.355496890544891198e+00
1.553245931863784790e+00
2.178498485088348424e+00
9.352507371902465394e+00
8.320677051544189240e+00
1.561403344869613630e+00
3.282396454811096209e+00
2.174001305103301807e+00
7.458363265991210689e+00
4.219156858921050635e+00
5.784790534973144105e+00
2.011531851291656459e+00
1.094979432106018002e+01
1.138340479850769071e+01
9.768156356811523722e+00
5.905630856752395186e-01
5.937968739867209855e-01
5.845184251666069031e-01
8.342489385604858754e-01
1.073533114790916398e+00
1.433231698989868086e+01
1.253171103000640940e+00
6.883387341499328294e+00
3.064290752410888885e+00
5.644651532173157182e-01
1.605034383535385079e+00
2.339212152957916402e+00
6.019226684570312180e+00
1.674828892946243375e+00
1.098713167905807531e+00
2.304614927768707133e+00
5.148066568374633611e+00
9.826136904954910767e-01
5.799775457382201793e+00
1.186997475624084419e+00
7.477872185707092001e+00
6.330396518111228721e-01
4.983898859024048278e+00
2.981219027042389058e+00
2.765726306438446080e+00
1.026831281661987383e+01
4.239395592212677144e+00
1.240400343894958546e+01
1.000138096809387278e+01
2.163003489971160764e+00
3.029243388175964391e+00
1.162904745101928761e+01
8.173255658149719549e-01
8.345354747772216752e-01
1.056038748025894147e+00
8.741625547409057617e-01
8.709346234798431841e-01
1.147603170394897454e+01
4.126719124317169474e+00
9.788245713710784779e-01
9.822990268468856367e-01
2.305117156505584575e+00
1.678734071731567212e+01
6.092782840728760085e+00
1.980229835510253977e+01
1.144377598166465670e+00
1.414420999526977596e+01
7.585820083618163956e+00
2.254411454200744735e+00
1.611546178817749109e+01
1.877078795433044345e+00
1.653719012260437182e+01
1.434765364527702314e+00
1.277585560083389193e+00
1.694561839103698730e+00
8.692786294221878096e-01
1.244754681587219203e+01
1.053682207107543967e+01
4.066614158153534220e+00
5.444307690858840587e-01
1.434264492034912131e+01
1.193388022422790584e+01
8.334533387422561335e-01
4.300039324760437154e+00
5.307504768371582138e+00
1.971165325641632160e+00
1.438908936500549274e+01
7.983426127433776998e+00
2.397129883766174530e+00
2.475745201110839844e+00
1.917524692535400277e+01
3.071948442459106587e+00
2.639143877029419105e+00
1.997329900264739999e+00
4.499517674446106064e+00
5.204010954499245223e-01
1.080075421333313024e+01
5.865632967948913645e+00
2.435693821907043422e+00
8.354152482748031794e-01
