3.308464748859405447e+00
1.633520648956298871e+01
5.697548513412475479e+00
7.286508479714393083e-01
1.626534271240234375e+01
3.531721439361572124e+00
1.137609577178955078e+01
5.048588085174560369e+00
8.298726034164428667e-01
1.655337190628051847e+00
6.109865045547484996e+00
4.566099886894225968e+00
2.028324544429779053e+00
9.378719842433929088e-01
2.699752812385558975e+00
8.289142644405365079e-01
1.435221208572387752e+01
1.937719850540161159e+00
7.557962803840637456e+00
1.233829458236694343e+01
4.306387071609496964e+00
1.633017683982849277e+01
9.571471977233886319e-01
1.407325247526168832e+00
1.280137302398681598e+01
6.053178510665893519e+00
6.123269772529602584e-01
8.650882339477539151e-01
5.106495022773742676e-01
3.667421019077301114e+00
2.433895571231841970e+00
9.272065794467926336e-01
7.713445353507995428e+00
6.138045120239257635e+00
8.744589519500731711e+00
1.765578187704086366e+00
2.489553871154785103e+00
4.599296545982360485e+00
4.480399489402770996e+00
1.398997505903244010e+00
8.079591360092162944e+00
8.756493844985961061e+00
1.223797372817993079e+01
6.518584352731704445e-01
8.316068053245544434e-01
7.948558831214904696e-01
5.945425767898559144e+00
1.918268680572509766e+00
1.346088342666626048e+01
1.235088752508163523e+00
5.705227932929992640e+00
2.812547721862793004e+00
1.206158239364624052e+01
1.366737527847289968e+00
2.403000347614288490e+00
5.612281325459480552e-01
3.460373990535736244e+00
9.634768409729003835e+00
4.419859805107116735e+00
3.222784688472748016e+00
3.752564311027526855e+00
2.408705317974090487e+00
7.836170420646667800e+00
3.152004420757293701e+00
5.621303153038025080e+00
7.577830195426941140e-01
6.712144756317139027e+00
6.722497388720511946e-01
7.628212904930114391e+00
4.137171351909637806e+00
7.592556041479110451e-01
7.626581988334655726e+00
2.286518671512603795e+00
6.601236014366150151e+00
1.677203342437744027e+01
1.348795113563537651e+00
5.497499241828918137e+00
1.647844836235046273e+01
1.009576832771301191e+01
9.554695682525634837e+00
1.901248985528945834e+00
2.958762423992157053e+00
1.658828666687011832e+01
1.161669247150421080e+00
2.624662129878997607e+00
4.421260714530944824e+00
4.608968777656555105e+00
1.034769148826599050e+01
3.350615530014037891e+00
7.774458918571472310e+00
7.010420984029770430e-01
7.069170707464218495e-01
5.359976053237915039e+00
7.022232418060302628e+00
1.494362846612930396e+00
1.531959866285323990e+00
1.626948522567748867e+01
5.284526853561401616e+00
