2.393720149993896484e+00
2.474122047424316406e+00
2.579216957092285156e+00
2.673849344253540039e+00
2.445958137512207031e+00
2.357952833175659180e+00
2.670397281646728516e+00
2.546864986419677734e+00
2.270398616790771484e+00
2.330531120300292969e+00
2.460231781005859375e+00
2.399414777755737305e+00
2.402065753936767578e+00
2.418830394744873047e+00
2.483144760131835938e+00
2.563132762908935547e+00
2.745084047317504883e+00
2.629177093505859375e+00
2.514292240142822266e+00
2.473657608032226562e+00
2.487695217132568359e+00
2.552754878997802734e+00
2.527864456176757812e+00
2.733300924301147461e+00
2.542672157287597656e+00
2.478987216949462891e+00
2.549211502075195312e+00
2.680104494094848633e+00
2.636585950851440430e+00
2.771301031112670898e+00
2.607568740844726562e+00
2.656029701232910156e+00
2.475004911422729492e+00
2.643853664398193359e+00
2.350139141082763672e+00
2.403807401657104492e+00
2.522917747497558594e+00
2.664278745651245117e+00
2.517866611480712891e+00
2.388354301452636719e+00
2.324212551116943359e+00
2.605502367019653320e+00
2.422191619873046875e+00
2.415947437286376953e+00
2.513439416885375977e+00
2.349049568176269531e+00
2.473726511001586914e+00
2.277269363403320312e+00
2.413111209869384766e+00
2.535214424133300781e+00
2.566180467605590820e+00
2.651475906372070312e+00
2.640437364578247070e+00
2.362354278564453125e+00
2.498087882995605469e+00
2.628192901611328125e+00
2.388787031173706055e+00
2.484595298767089844e+00
2.481939315795898438e+00
2.484750270843505859e+00
2.432001113891601562e+00
2.480607748031616211e+00
2.504238605499267578e+00
2.471390485763549805e+00
2.327922821044921875e+00
2.575511693954467773e+00
2.464868068695068359e+00
2.596708774566650391e+00
2.647227048873901367e+00
2.471854925155639648e+00
2.666667222976684570e+00
2.541617393493652344e+00
2.634130001068115234e+00
2.491437435150146484e+00
2.483262538909912109e+00
2.452546834945678711e+00
2.429810762405395508e+00
2.548589706420898438e+00
2.576808691024780273e+00
2.616027355194091797e+00
2.600005626678466797e+00
2.380967617034912109e+00
2.418942928314208984e+00
2.607805252075195312e+00
2.548527240753173828e+00
2.657932281494140625e+00
2.290197849273681641e+00
2.282752513885498047e+00
2.824210166931152344e+00
2.501002788543701172e+00
2.554399013519287109e+00
2.570386409759521484e+00
2.336180210113525391e+00
2.641987562179565430e+00
2.664748668670654297e+00
2.428966045379638672e+00
2.666769981384277344e+00
2.510163307189941406e+00
2.642010927200317383e+00
2.563146114349365234e+00
