8.818869251012801946e-01
1.300992425680160602e+00
5.748560996055602779e+00
1.175491280555725160e+00
6.490163120627403526e-01
1.067930154800415110e+01
4.850359330177306916e+00
2.661296255588531334e+00
9.182655467987061115e+00
2.277891093492507846e+00
1.655882489681243852e+00
6.108056988716125346e+00
7.540228986740111772e-01
1.186722593307495188e+01
8.681063508987426403e+00
5.452737026214599325e+00
9.293720016479491974e+00
5.470978829264641075e-01
2.416200292110443293e+00
1.061686113357543881e+01
2.766508164405822701e+00
5.321131329536438415e+00
1.347812040328979499e+01
3.151390841007232879e+00
8.543998628854752031e-01
1.462240687608718837e+00
4.060941865444183563e+00
7.442184691429138077e+00
2.241158168315887433e+00
2.504840519428253032e+00
2.415388711690902745e+00
6.131851595640182007e-01
7.082372026443481516e+00
2.798498003482818408e+00
7.410364234447479603e-01
1.185946084976196246e+01
1.870670086145401090e+00
4.759860305786133061e+00
1.118747502565383911e+00
6.252282652854919576e+00
1.618842889785766559e+01
1.301964740753173899e+01
7.015888467431068420e-01
5.405944481492042097e-01
1.282440378189086871e+01
7.839565855264664096e-01
8.272970333099365803e+00
1.745825551748275695e+00
9.939221286773681996e+00
7.381087607145309093e-01
8.580115108489989595e+00
1.083471452593803397e+00
1.297418975830078036e+00
1.856602483987808139e+00
1.622862291336059570e+01
1.457751371860504186e+00
9.745769367218017010e+00
8.405134880542755038e-01
1.720608055591583252e+00
9.546301441192627024e+00
8.712739467620849609e+00
1.221987142562866246e+01
3.562522568702697789e+00
7.780009565353393164e+00
5.171832184791565368e+00
5.967793364524840882e+00
5.704136905670165625e+00
1.450062427520751918e+01
1.930253475904464722e+00
2.443575242757797028e+00
1.430464187860488900e+00
5.405879783630370694e-01
8.802700376510619762e+00
7.803488221168517924e+00
5.087628145217895081e+00
4.045753500461578334e+00
1.344193537235260028e+00
1.039655359268188484e+01
6.212708182334900187e+00
1.177971076369285663e+00
3.776507213115692263e+00
5.281258387565612722e+00
1.249222600936889727e+01
2.441040244102477885e+00
5.695041422843932999e+00
1.032579441070556570e+01
5.296839541196822765e-01
3.142934744358062638e+00
3.612908136844635187e+00
9.015166034698486541e+00
1.307415376663207951e+01
1.866009807586670011e+00
2.131428163051605207e+00
4.218768601417541397e+00
1.744589314460754492e+00
1.588288676738738969e+00
9.113553466796874503e+00
9.246698551177978231e+00
