1.316052436828613281e+01
1.311175346374511719e+01
1.314922142028808594e+01
1.290070343017578125e+01
1.291233253479003906e+01
1.338286209106445312e+01
1.298025894165039062e+01
1.292939758300781250e+01
1.308659553527832031e+01
1.313238143920898438e+01
1.341982841491699219e+01
1.302414512634277344e+01
1.320986938476562500e+01
1.307293510437011719e+01
1.317994117736816406e+01
1.298149108886718750e+01
1.300834846496582031e+01
1.277975845336914062e+01
1.292056655883789062e+01
1.299359893798828125e+01
1.313788223266601562e+01
1.297695541381835938e+01
1.286982345581054688e+01
1.336635971069335938e+01
1.277373313903808594e+01
1.313694953918457031e+01
1.301402473449707031e+01
1.309710502624511719e+01
1.315680694580078125e+01
1.302556037902832031e+01
1.280388641357421875e+01
1.311994171142578125e+01
1.294920158386230469e+01
1.334624290466308594e+01
1.276696205139160156e+01
1.289450836181640625e+01
1.336866950988769531e+01
1.303649139404296875e+01
1.327971649169921875e+01
1.277573394775390625e+01
1.280191993713378906e+01
1.319468116760253906e+01
1.290544700622558594e+01
1.322524642944335938e+01
1.274666404724121094e+01
1.331929206848144531e+01
1.320679855346679688e+01
1.326034164428710938e+01
1.338525962829589844e+01
1.329650688171386719e+01
1.330479049682617188e+01
1.326736450195312500e+01
1.301816368103027344e+01
1.298592948913574219e+01
1.330600738525390625e+01
1.329345321655273438e+01
1.304057312011718750e+01
1.296584510803222656e+01
1.298873329162597656e+01
1.308068466186523438e+01
1.281086540222167969e+01
1.280552864074707031e+01
1.311831855773925781e+01
1.270196342468261719e+01
1.323639869689941406e+01
1.317914199829101562e+01
1.304324913024902344e+01
1.308051300048828125e+01
1.315495681762695312e+01
1.272645378112792969e+01
1.337845802307128906e+01
1.310375213623046875e+01
1.296315002441406250e+01
1.314805412292480469e+01
1.314866828918457031e+01
1.304394721984863281e+01
1.322390174865722656e+01
1.293595504760742188e+01
1.301946067810058594e+01
1.309542083740234375e+01
1.314309883117675781e+01
1.335983085632324219e+01
1.289595413208007812e+01
1.305231094360351562e+01
1.303696250915527344e+01
1.304710769653320312e+01
1.302975273132324219e+01
1.321842575073242188e+01
1.324448776245117188e+01
1.272714614868164062e+01
1.290100669860839844e+01
1.319433021545410156e+01
1.313015556335449219e+01
1.307642173767089844e+01
1.306500053405761719e+01
1.301641273498535156e+01
1.314552307128906250e+01
1.297715950012207031e+01
1.304140663146972656e+01
1.321952056884765625e+01
