4.341378688812255859e+00
4.120150566101074219e+00
4.047202110290527344e+00
4.294905662536621094e+00
4.178746223449707031e+00
4.372448921203613281e+00
4.289270401000976562e+00
4.330142021179199219e+00
4.406009674072265625e+00
4.306919097900390625e+00
4.331968307495117188e+00
4.280283927917480469e+00
4.200015068054199219e+00
4.413667678833007812e+00
4.519196510314941406e+00
4.259423255920410156e+00
4.274648666381835938e+00
4.282619476318359375e+00
4.497525215148925781e+00
4.625097751617431641e+00
4.243172645568847656e+00
4.302985668182373047e+00
4.364881038665771484e+00
4.263689994812011719e+00
4.208410739898681641e+00
4.226604461669921875e+00
4.116460800170898438e+00
4.098639011383056641e+00
4.195211410522460938e+00
4.259273529052734375e+00
4.268096923828125000e+00
4.385004997253417969e+00
4.185355186462402344e+00
3.952689647674560547e+00
4.362176895141601562e+00
4.165735721588134766e+00
4.255574226379394531e+00
4.193851470947265625e+00
3.920556306838989258e+00
4.408353805541992188e+00
4.402387619018554688e+00
4.160917282104492188e+00
4.060943603515625000e+00
4.126785755157470703e+00
4.220329284667968750e+00
4.223069190979003906e+00
4.297365188598632812e+00
4.114032268524169922e+00
4.468447685241699219e+00
4.144002914428710938e+00
4.231668472290039062e+00
4.317570209503173828e+00
4.453636169433593750e+00
4.457418441772460938e+00
4.245792388916015625e+00
4.477272033691406250e+00
4.049580097198486328e+00
4.303266525268554688e+00
4.284406661987304688e+00
4.348113059997558594e+00
4.238759994506835938e+00
4.298909664154052734e+00
4.238043785095214844e+00
4.156990051269531250e+00
4.089617252349853516e+00
4.373483657836914062e+00
4.229848861694335938e+00
4.094178676605224609e+00
4.328905105590820312e+00
4.049969196319580078e+00
4.385376930236816406e+00
4.202423095703125000e+00
4.147301673889160156e+00
4.336362838745117188e+00
4.111304283142089844e+00
4.286527633666992188e+00
4.411802291870117188e+00
4.338435649871826172e+00
4.130043029785156250e+00
4.539388656616210938e+00
4.470486640930175781e+00
4.283558845520019531e+00
4.394663333892822266e+00
4.126742362976074219e+00
4.361115455627441406e+00
4.298734188079833984e+00
4.609395027160644531e+00
4.592475891113281250e+00
4.102029800415039062e+00
4.380181789398193359e+00
4.273445129394531250e+00
4.138332843780517578e+00
4.452659606933593750e+00
4.304697036743164062e+00
4.342422485351562500e+00
4.181856155395507812e+00
4.142056465148925781e+00
4.196833610534667969e+00
4.076231002807617188e+00
4.189597129821777344e+00
