4.266992568969726562e+00
4.127568244934082031e+00
4.159789562225341797e+00
4.303957462310791016e+00
4.223934173583984375e+00
4.237565994262695312e+00
4.115094184875488281e+00
4.272462844848632812e+00
4.424141883850097656e+00
4.270539760589599609e+00
4.273746013641357422e+00
4.092974185943603516e+00
4.274027824401855469e+00
4.272589206695556641e+00
4.355034828186035156e+00
4.134328365325927734e+00
4.207715034484863281e+00
4.231634616851806641e+00
4.550522804260253906e+00
4.644923686981201172e+00
4.032939434051513672e+00
4.351613998413085938e+00
4.386301517486572266e+00
4.294514656066894531e+00
4.115596294403076172e+00
4.170857429504394531e+00
4.096683025360107422e+00
4.111913681030273438e+00
4.185456275939941406e+00
4.272562980651855469e+00
4.239868164062500000e+00
4.309777736663818359e+00
4.244524002075195312e+00
4.023604393005371094e+00
4.202073574066162109e+00
3.993185997009277344e+00
4.182308673858642578e+00
4.166372299194335938e+00
4.034100055694580078e+00
4.430305957794189453e+00
4.428485870361328125e+00
4.081840515136718750e+00
4.040621757507324219e+00
3.951373815536499023e+00
4.097730159759521484e+00
4.176650524139404297e+00
4.230702877044677734e+00
4.010740280151367188e+00
4.409607887268066406e+00
4.140287876129150391e+00
4.502474308013916016e+00
4.295375347137451172e+00
4.372246265411376953e+00
4.373508930206298828e+00
4.046805858612060547e+00
4.491079330444335938e+00
3.990446805953979492e+00
4.230643272399902344e+00
4.252845287322998047e+00
4.295267105102539062e+00
4.142855644226074219e+00
4.184150695800781250e+00
4.150825977325439453e+00
4.097582817077636719e+00
4.103285789489746094e+00
4.223942279815673828e+00
4.212490558624267578e+00
4.252953529357910156e+00
4.248836040496826172e+00
3.968186616897583008e+00
4.199347496032714844e+00
4.167007923126220703e+00
4.213808059692382812e+00
4.274567604064941406e+00
4.156123638153076172e+00
4.100571632385253906e+00
4.291446685791015625e+00
4.350225448608398438e+00
4.209441184997558594e+00
4.284196376800537109e+00
4.513084888458251953e+00
4.217293739318847656e+00
4.379460334777832031e+00
4.306534290313720703e+00
4.281218528747558594e+00
4.224730014801025391e+00
4.625481605529785156e+00
4.497239589691162109e+00
4.081538200378417969e+00
4.318480491638183594e+00
4.115716457366943359e+00
4.039675712585449219e+00
4.376684188842773438e+00
4.434113979339599609e+00
4.297243118286132812e+00
4.158277511596679688e+00
4.110174655914306641e+00
3.991564035415649414e+00
3.942472457885742188e+00
4.152060031890869141e+00
