2.332622528076171875e+00
2.234390497207641602e+00
2.434923171997070312e+00
2.304417848587036133e+00
2.316968202590942383e+00
2.429981946945190430e+00
2.224644422531127930e+00
2.372268676757812500e+00
2.250691652297973633e+00
2.346815109252929688e+00
2.209386110305786133e+00
2.330879688262939453e+00
2.258177280426025391e+00
2.424375534057617188e+00
2.425392627716064453e+00
2.381568670272827148e+00
2.358663320541381836e+00
2.320751667022705078e+00
2.283867120742797852e+00
2.472052574157714844e+00
2.284971475601196289e+00
2.468559980392456055e+00
2.459924459457397461e+00
2.381210088729858398e+00
2.252770185470581055e+00
2.217969417572021484e+00
2.433289527893066406e+00
2.379188776016235352e+00
2.443015575408935547e+00
2.346982240676879883e+00
2.320915699005126953e+00
2.365220069885253906e+00
2.410333395004272461e+00
2.334974288940429688e+00
2.305971860885620117e+00
2.256578922271728516e+00
2.286484479904174805e+00
2.487891912460327148e+00
2.223939657211303711e+00
2.373122453689575195e+00
2.344271421432495117e+00
2.392117977142333984e+00
2.356740236282348633e+00
2.334218740463256836e+00
2.295034408569335938e+00
2.447866916656494141e+00
2.253012657165527344e+00
2.355824232101440430e+00
2.479849100112915039e+00
2.241467952728271484e+00
2.208777189254760742e+00
2.476410865783691406e+00
2.345262765884399414e+00
2.363645076751708984e+00
2.347123146057128906e+00
2.262662887573242188e+00
2.409796953201293945e+00
2.405344247817993164e+00
2.303469419479370117e+00
2.306729793548583984e+00
2.315090894699096680e+00
2.334341764450073242e+00
2.510599136352539062e+00
2.360378980636596680e+00
2.432337045669555664e+00
2.208313465118408203e+00
2.339602231979370117e+00
2.588611841201782227e+00
2.272103071212768555e+00
2.535094499588012695e+00
2.386622190475463867e+00
2.390961170196533203e+00
2.422066926956176758e+00
2.344286203384399414e+00
2.468494176864624023e+00
2.312361240386962891e+00
2.392431735992431641e+00
2.356991291046142578e+00
2.425629138946533203e+00
2.682326316833496094e+00
2.373515129089355469e+00
2.430950164794921875e+00
2.296327590942382812e+00
2.425849199295043945e+00
2.489088773727416992e+00
2.421164035797119141e+00
2.370407819747924805e+00
2.333547353744506836e+00
2.397954940795898438e+00
2.220428705215454102e+00
2.349844932556152344e+00
2.301358222961425781e+00
2.323862075805664062e+00
2.404345273971557617e+00
2.427592754364013672e+00
2.496664762496948242e+00
2.363748073577880859e+00
2.351230382919311523e+00
2.354328393936157227e+00
2.399933815002441406e+00
