1.332418727874755859e+01
1.325305747985839844e+01
1.324470520019531250e+01
1.311780643463134766e+01
1.312885761260986328e+01
1.354329109191894531e+01
1.326171302795410156e+01
1.319983291625976562e+01
1.332156944274902344e+01
1.337749099731445312e+01
1.363107109069824219e+01
1.312428092956542969e+01
1.341120719909667969e+01
1.327784252166748047e+01
1.328610515594482422e+01
1.300936603546142578e+01
1.326241397857666016e+01
1.300373268127441406e+01
1.320653629302978516e+01
1.322345161437988281e+01
1.335773277282714844e+01
1.316800975799560547e+01
1.297013950347900391e+01
1.353446388244628906e+01
1.297792625427246094e+01
1.325506210327148438e+01
1.327356815338134766e+01
1.334722328186035156e+01
1.328007888793945312e+01
1.318805980682373047e+01
1.297020530700683594e+01
1.329253292083740234e+01
1.314928531646728516e+01
1.343593883514404297e+01
1.297240924835205078e+01
1.302336215972900391e+01
1.358875751495361328e+01
1.318515586853027344e+01
1.348373699188232422e+01
1.303431510925292969e+01
1.299958038330078125e+01
1.336382484436035156e+01
1.315738677978515625e+01
1.351807498931884766e+01
1.297076797485351562e+01
1.344778442382812500e+01
1.339423084259033203e+01
1.333412742614746094e+01
1.353518581390380859e+01
1.347294902801513672e+01
1.347103977203369141e+01
1.341742610931396484e+01
1.316503143310546875e+01
1.316790199279785156e+01
1.344430541992187500e+01
1.345634651184082031e+01
1.324370956420898438e+01
1.313273239135742188e+01
1.323958683013916016e+01
1.329030227661132812e+01
1.306162834167480469e+01
1.298494720458984375e+01
1.321735382080078125e+01
1.285086536407470703e+01
1.347963333129882812e+01
1.347382545471191406e+01
1.317642688751220703e+01
1.336000728607177734e+01
1.330596828460693359e+01
1.299745559692382812e+01
1.357175731658935547e+01
1.332614612579345703e+01
1.310628223419189453e+01
1.346896648406982422e+01
1.331385421752929688e+01
1.322589206695556641e+01
1.333590793609619141e+01
1.313309669494628906e+01
1.315092086791992188e+01
1.326594924926757812e+01
1.335042095184326172e+01
1.335843944549560547e+01
1.303669834136962891e+01
1.321096611022949219e+01
1.331113052368164062e+01
1.333775711059570312e+01
1.313832664489746094e+01
1.338167667388916016e+01
1.328854942321777344e+01
1.293765830993652344e+01
1.308490180969238281e+01
1.338418483734130859e+01
1.320487022399902344e+01
1.318199825286865234e+01
1.332742309570312500e+01
1.323034763336181641e+01
1.328075790405273438e+01
1.324602985382080078e+01
1.320633888244628906e+01
1.337706661224365234e+01
