1.605563545227050781e+01
1.587080764770507812e+01
1.576872539520263672e+01
1.556243133544921875e+01
1.611156082153320312e+01
1.564903259277343750e+01
1.574164962768554688e+01
1.569011497497558594e+01
1.585025978088378906e+01
1.597163486480712891e+01
1.587223339080810547e+01
1.568777179718017578e+01
1.571804332733154297e+01
1.569659519195556641e+01
1.591916656494140625e+01
1.611978340148925781e+01
1.596875762939453125e+01
1.593704986572265625e+01
1.565964412689208984e+01
1.604802513122558594e+01
1.591168308258056641e+01
1.591533184051513672e+01
1.585252189636230469e+01
1.557699012756347656e+01
1.553525733947753906e+01
1.565608596801757812e+01
1.594918918609619141e+01
1.547425079345703125e+01
1.591165637969970703e+01
1.554385757446289062e+01
1.533343601226806641e+01
1.585472011566162109e+01
1.582942295074462891e+01
1.573596763610839844e+01
1.582274723052978516e+01
1.584833812713623047e+01
1.602415275573730469e+01
1.572124576568603516e+01
1.603548812866210938e+01
1.578736972808837891e+01
1.558167552947998047e+01
1.595730972290039062e+01
1.568701648712158203e+01
1.560258197784423828e+01
1.596798133850097656e+01
1.574540996551513672e+01
1.579097843170166016e+01
1.596912574768066406e+01
1.568739223480224609e+01
1.576495933532714844e+01
1.591375541687011719e+01
1.582867908477783203e+01
1.589694499969482422e+01
1.584625816345214844e+01
1.583119583129882812e+01
1.579891681671142578e+01
1.575109100341796875e+01
1.545491313934326172e+01
1.597571659088134766e+01
1.551655673980712891e+01
1.559524536132812500e+01
1.563078403472900391e+01
1.551634311676025391e+01
1.586584949493408203e+01
1.616086196899414062e+01
1.560433673858642578e+01
1.581294250488281250e+01
1.590292263031005859e+01
1.575896644592285156e+01
1.591117095947265625e+01
1.571943283081054688e+01
1.553883361816406250e+01
1.550314807891845703e+01
1.573711013793945312e+01
1.581187152862548828e+01
1.577968215942382812e+01
1.602059173583984375e+01
1.566024875640869141e+01
1.562810897827148438e+01
1.545246505737304688e+01
1.591709518432617188e+01
1.558411121368408203e+01
1.560025882720947266e+01
1.554003715515136719e+01
1.575421428680419922e+01
1.573439693450927734e+01
1.556737518310546875e+01
1.567719268798828125e+01
1.597539520263671875e+01
1.551887989044189453e+01
1.579318332672119141e+01
1.573832607269287109e+01
1.549927806854248047e+01
1.595089054107666016e+01
1.557486343383789062e+01
1.554598999023437500e+01
1.603554344177246094e+01
1.581214141845703125e+01
1.592137432098388672e+01
1.598933982849121094e+01
