1.576338481903076172e+01
1.544165706634521484e+01
1.532955646514892578e+01
1.530612945556640625e+01
1.576333332061767578e+01
1.533387947082519531e+01
1.554472255706787109e+01
1.529250621795654297e+01
1.555598354339599609e+01
1.571591758728027344e+01
1.559834671020507812e+01
1.533320331573486328e+01
1.535688114166259766e+01
1.546485137939453125e+01
1.557036304473876953e+01
1.570592403411865234e+01
1.562445831298828125e+01
1.563349246978759766e+01
1.544060707092285156e+01
1.569619369506835938e+01
1.555214977264404297e+01
1.573983001708984375e+01
1.556070995330810547e+01
1.531344890594482422e+01
1.545584583282470703e+01
1.549922275543212891e+01
1.564174461364746094e+01
1.535353660583496094e+01
1.562487125396728516e+01
1.510503864288330078e+01
1.520164299011230469e+01
1.552588176727294922e+01
1.554084682464599609e+01
1.555457210540771484e+01
1.552169322967529297e+01
1.550934028625488281e+01
1.583393764495849609e+01
1.536197185516357422e+01
1.588409614562988281e+01
1.546934604644775391e+01
1.526128959655761719e+01
1.573707771301269531e+01
1.545280742645263672e+01
1.554390239715576172e+01
1.568518543243408203e+01
1.539816379547119141e+01
1.553323459625244141e+01
1.562359142303466797e+01
1.530028438568115234e+01
1.546556663513183594e+01
1.560673046112060547e+01
1.553459072113037109e+01
1.559706783294677734e+01
1.554901981353759766e+01
1.563486576080322266e+01
1.545896339416503906e+01
1.527157688140869141e+01
1.535841369628906250e+01
1.568377685546875000e+01
1.498689746856689453e+01
1.522005748748779297e+01
1.526730632781982422e+01
1.504204845428466797e+01
1.547585296630859375e+01
1.590049743652343750e+01
1.518522834777832031e+01
1.547050476074218750e+01
1.556350231170654297e+01
1.541342258453369141e+01
1.558176612854003906e+01
1.543297195434570312e+01
1.518487739562988281e+01
1.520417881011962891e+01
1.549095535278320312e+01
1.564467525482177734e+01
1.539598083496093750e+01
1.571691226959228516e+01
1.540744590759277344e+01
1.536925601959228516e+01
1.507012844085693359e+01
1.569402599334716797e+01
1.527690410614013672e+01
1.523834705352783203e+01
1.529417133331298828e+01
1.552336597442626953e+01
1.545551586151123047e+01
1.543673038482666016e+01
1.535296726226806641e+01
1.571912479400634766e+01
1.528500938415527344e+01
1.552592182159423828e+01
1.541028594970703125e+01
1.526037979125976562e+01
1.565837001800537109e+01
1.531783580780029297e+01
1.530826473236083984e+01
1.576568794250488281e+01
1.548285770416259766e+01
1.562584686279296875e+01
1.561553668975830078e+01
