2.506121635437011719e+00
2.520274639129638672e+00
2.735065698623657227e+00
2.755045175552368164e+00
2.537515640258789062e+00
2.483880281448364258e+00
2.761365890502929688e+00
2.631453037261962891e+00
2.404605627059936523e+00
2.488391876220703125e+00
2.594480752944946289e+00
2.492783546447753906e+00
2.506550073623657227e+00
2.575060606002807617e+00
2.592767715454101562e+00
2.624551057815551758e+00
2.829789161682128906e+00
2.669706344604492188e+00
2.719397783279418945e+00
2.538152456283569336e+00
2.625515937805175781e+00
2.646768331527709961e+00
2.651564836502075195e+00
2.773028850555419922e+00
2.638020038604736328e+00
2.572935581207275391e+00
2.599502086639404297e+00
2.741129875183105469e+00
2.716069936752319336e+00
2.801250934600830078e+00
2.618463039398193359e+00
2.723680019378662109e+00
2.531145572662353516e+00
2.733745574951171875e+00
2.490087985992431641e+00
2.544251203536987305e+00
2.646872758865356445e+00
2.634923219680786133e+00
2.631921052932739258e+00
2.488014698028564453e+00
2.476251363754272461e+00
2.696726560592651367e+00
2.578494548797607422e+00
2.573282480239868164e+00
2.600363731384277344e+00
2.481736421585083008e+00
2.531803369522094727e+00
2.401482343673706055e+00
2.513588666915893555e+00
2.602030515670776367e+00
2.680753707885742188e+00
2.734389781951904297e+00
2.771573781967163086e+00
2.468636274337768555e+00
2.595255851745605469e+00
2.723479986190795898e+00
2.439904212951660156e+00
2.577881097793579102e+00
2.578079462051391602e+00
2.590974569320678711e+00
2.499708890914916992e+00
2.632482051849365234e+00
2.584854841232299805e+00
2.523918867111206055e+00
2.547707319259643555e+00
2.680434703826904297e+00
2.618608951568603516e+00
2.698137283325195312e+00
2.653527736663818359e+00
2.559409856796264648e+00
2.696403026580810547e+00
2.600037097930908203e+00
2.792676925659179688e+00
2.644067287445068359e+00
2.633994340896606445e+00
2.571500778198242188e+00
2.530327796936035156e+00
2.581866264343261719e+00
2.659281253814697266e+00
2.714680194854736328e+00
2.675878763198852539e+00
2.455923318862915039e+00
2.545742750167846680e+00
2.671262264251708984e+00
2.637774705886840820e+00
2.738840341567993164e+00
2.448395490646362305e+00
2.423052787780761719e+00
2.867394208908081055e+00
2.516602993011474609e+00
2.555778980255126953e+00
2.646591186523437500e+00
2.305334329605102539e+00
2.730025053024291992e+00
2.719360589981079102e+00
2.540642023086547852e+00
2.714575767517089844e+00
2.576935529708862305e+00
2.699425697326660156e+00
2.603067398071289062e+00
