1.488305560350418055e+00
3.849912166595458873e-01
1.421310547828674231e+01
8.366091694831848002e+00
1.609386267662048287e+00
1.106101821064949142e+00
1.603102471828460773e+00
6.546327762603759481e+00
1.987978425025940021e+00
8.292108440399169611e-01
1.198179728507995634e+01
7.597024703025817560e-01
3.219388964176177925e+00
1.212532249689102226e+00
5.312475362420081559e-01
9.201771748065948886e-01
2.698648765087127810e+00
3.341335494518280047e+00
8.045459132194519469e+00
1.768333191871643173e+00
1.058421753644943175e+00
6.204017114639282404e+00
7.888576455116272257e+00
5.699467778205871582e+00
7.660579556226729814e-01
1.165146548271179228e+01
7.093878507614135298e-01
1.356203013658523471e+00
9.271824973821639615e-01
9.330491847991943644e+00
9.903990870714187711e-01
7.787695722579956126e+00
1.076345545768737821e+01
5.911284809112548722e+00
1.007541465759277388e+00
2.819723520278930806e+00
1.148763756752014142e+00
6.979156823158263911e+00
6.637004032135009446e+00
8.185007815361023731e+00
3.624494049549102925e+00
2.674544558525085325e+00
9.273054990768432759e+00
1.607752664089202810e+00
8.998462696075439027e+00
1.559929041862487864e+01
1.622912318706512425e+00
6.889937156438827870e-01
1.961021009683608929e+00
8.027187407016753706e-01
1.529970177412033117e+00
2.628437333106994789e+00
1.148679980635642917e+00
1.767786647081375229e+00
6.875671525001525453e+00
5.331877579689026092e+00
3.436187865734100289e+00
2.075890001058578349e+00
2.460695092678069962e+00
9.354937782287597869e+00
9.440923576354981250e+00
8.639074444770813432e-01
8.345127159357070834e-01
8.875653963088989684e+00
7.695422673225403187e+00
1.569271955490112225e+00
3.534316024780273402e+00
4.782568988800048437e+00
6.191790423393249476e+00
5.313667788505553879e+00
1.398917477130889875e+00
5.887934308052063415e+00
1.451464599370956510e+00
6.583762273788452468e+00
5.948427522182464511e-01
6.462009960412978815e-01
1.834347684383392352e+00
1.202445858001708956e+01
7.033149489760398554e-01
9.272660064697266336e+00
1.546281307935714722e+00
1.596164840459823653e+00
6.581680517196655700e+00
1.171509732604026688e+00
4.483670144081115971e+00
1.394436297416687065e+00
2.675338442325592148e+00
1.172708776473998959e+01
8.403985977172852007e-01
9.601184864044189027e+00
2.562185771465301354e+00
5.997060770988464462e+00
1.981970163345336999e+01
3.363651673793792707e+00
5.199776310920714906e+00
1.995869604110717788e+01
8.411061153411864666e+00
3.489508955478668017e+00
