4.386548042297363281e+00
4.712861061096191406e+00
3.980473995208740234e+00
4.294041633605957031e+00
4.313105106353759766e+00
4.755966663360595703e+00
4.595525264739990234e+00
4.504076957702636719e+00
4.814821720123291016e+00
4.997421264648437500e+00
4.385900974273681641e+00
4.569280624389648438e+00
4.193830013275146484e+00
4.892144680023193359e+00
4.607843875885009766e+00
4.985591411590576172e+00
4.763189315795898438e+00
4.593946456909179688e+00
4.400297641754150391e+00
4.659700393676757812e+00
4.153767585754394531e+00
4.949972152709960938e+00
4.711677551269531250e+00
4.419869899749755859e+00
4.280996799468994141e+00
4.634851932525634766e+00
4.817811012268066406e+00
4.361680507659912109e+00
4.790697097778320312e+00
4.458083629608154297e+00
4.339570999145507812e+00
4.466177463531494141e+00
4.222982883453369141e+00
4.827069282531738281e+00
4.699211597442626953e+00
4.532692909240722656e+00
4.447447299957275391e+00
4.662656784057617188e+00
4.187261581420898438e+00
4.466301441192626953e+00
4.536209583282470703e+00
4.487248420715332031e+00
4.829061031341552734e+00
4.505906581878662109e+00
4.571283340454101562e+00
4.292359828948974609e+00
4.755639553070068359e+00
4.373466491699218750e+00
4.672251224517822266e+00
4.224139690399169922e+00
4.618077278137207031e+00
4.261204242706298828e+00
4.787796497344970703e+00
4.378055095672607422e+00
4.668693542480468750e+00
4.521722316741943359e+00
4.496826648712158203e+00
4.577127933502197266e+00
4.485435485839843750e+00
4.855598926544189453e+00
4.577851295471191406e+00
4.562260150909423828e+00
4.331696987152099609e+00
4.571386337280273438e+00
4.506319999694824219e+00
5.030186176300048828e+00
4.536260604858398438e+00
4.553449153900146484e+00
4.379144191741943359e+00
4.698581218719482422e+00
4.879182815551757812e+00
4.332397937774658203e+00
4.458080291748046875e+00
4.271166801452636719e+00
4.554633617401123047e+00
4.465592861175537109e+00
4.556849002838134766e+00
4.596744537353515625e+00
4.254948139190673828e+00
4.477851390838623047e+00
4.413910388946533203e+00
4.457916259765625000e+00
4.542611122131347656e+00
4.286316871643066406e+00
4.632458686828613281e+00
4.870887279510498047e+00
4.614953994750976562e+00
4.699030399322509766e+00
4.429386615753173828e+00
4.411001205444335938e+00
4.257883071899414062e+00
4.091004371643066406e+00
4.509998798370361328e+00
4.705913066864013672e+00
4.434590816497802734e+00
4.136060714721679688e+00
4.423767089843750000e+00
4.769101142883300781e+00
4.116300106048583984e+00
4.666729927062988281e+00
