1.365760318602157630e+00 3.447996308592614412e+00
1.096932938750134490e+01 1.714797619687649899e+01
2.698296885911255050e+00 5.744724719092591414e+00
1.947580572392591525e-01 7.931399759779699243e-01
1.041526306240723976e+01 1.677450739206317110e+01
1.575365792719088720e+00 3.603601721286084025e+00
7.219205770970294367e+00 1.185216688898663762e+01
1.781586651465897342e+00 5.316120261551814608e+00
2.684951635723414332e-01 7.948343247240442500e-01
4.765648757022401538e-01 1.596176642785335664e+00
3.163751527103152661e+00 6.259357443798626797e+00
2.084879757015521751e+00 4.729993785316443322e+00
8.295555020737443996e-01 2.160402948388626676e+00
2.358943342338901683e-01 1.024944327964264268e+00
9.644188396870326807e-01 2.993353939567570343e+00
2.091821427501044661e-01 6.572120702811148352e-01
9.760920532003265038e+00 1.461525025991798010e+01
5.629957810947857633e-01 1.883178059995448406e+00
4.469055714454937878e+00 8.008968171861351237e+00
7.868176089888642366e+00 1.278688086959818726e+01
1.331682363311385009e+00 4.259963790800346040e+00
1.268034352848515844e+01 1.797729325587368621e+01
3.140817588622227263e-01 1.018824869877415162e+00
4.298593270055245386e-01 1.333506995306561027e+00
7.994067561378092712e+00 1.327613529951793936e+01
3.357757937265902548e+00 6.074653642474914683e+00
1.581286856798208573e-01 5.503112632736365528e-01
2.954111878130423197e-01 7.195797483570079978e-01
1.223451039424185705e-01 6.167176279428793206e-01
1.577087219374315508e+00 3.659766590677041798e+00
8.102667141104932247e-01 2.309747702684593840e+00
2.251972331577493380e-01 8.575922560951664275e-01
2.833080426731968249e+00 7.943277680343538982e+00
3.305703437592451888e+00 6.072605974535950857e+00
3.889953787211401171e+00 9.302071528213300411e+00
6.057048199021889401e-01 1.891411310311817973e+00
1.025869289508861026e+00 2.709936952159211820e+00
2.168305399179567328e+00 4.814483367193092000e+00
2.144910535545580199e+00 4.781906474660131856e+00
3.619753175939886547e-01 1.456050255380213043e+00
5.803947392559620333e+00 8.280761860367478633e+00
5.174537731263328055e+00 9.277295309865619899e+00
6.170303293550459145e+00 1.185682948063013598e+01
1.959581398633000460e-01 5.524005475782823860e-01
2.474034951144658268e-01 7.853331503190775775e-01
1.980100126978832920e-01 8.706422136593348071e-01
3.156846128775633087e+00 5.827451925941355526e+00
7.106881350815915654e-01 2.078982456954136193e+00
9.637391032511086308e+00 1.417804319901301824e+01
2.543795688038976155e-01 1.186638532047090022e+00
2.878156352630338866e+00 6.095098001850314695e+00
7.487044467001521264e-01 2.959149035963469121e+00
6.263967609814955040e+00 1.185272404367067089e+01
3.386544696930896547e-01 1.354372854788392422e+00
6.693780271745387589e-01 2.208993049163535449e+00
1.601921582705884972e-01 4.909271517300086152e-01
1.170260281240102840e+00 3.476099469522702545e+00
6.018248737431800777e+00 1.005749507055692149e+01
2.235056147438742702e+00 4.522577606599579525e+00
1.042398513278166350e+00 3.323202134537713626e+00
1.442632495430680839e+00 3.706896144223709832e+00
7.613979195643585385e-01 2.315135959553656253e+00
6.479856011132089755e+00 7.952929289083539466e+00
1.265255886643332328e+00 3.095361246588244075e+00
2.737487517648881319e+00 5.936387776105887859e+00
1.982902911849329930e-01 7.762134659499055900e-01
3.523057923177721484e+00 6.813743690474108661e+00
1.641347668711421182e-01 7.733355914049180324e-01
6.890425142590790308e+00 7.940633167306597961e+00
2.189034400191863128e+00 4.237475096375077577e+00
2.152610896521482964e-01 8.457943582466246335e-01
7.138649708106610703e+00 7.864137963649422858e+00
7.064954926619894104e-01 2.454199298711650989e+00
3.728721799645877688e+00 7.443516141013383880e+00
1.131856319572946035e+01 1.760305781055270202e+01
4.575637909721250729e-01 1.405784128886154782e+00
2.735986728421734071e+00 5.526162293360362021e+00
1.097314986213430821e+01 1.740357702874181811e+01
5.849567062645614435e+00 1.030107207544213921e+01
4.486374057266604432e+00 9.944506427041730490e+00
5.918046864936683527e-01 1.804544864842601903e+00
9.987459057751520985e-01 3.043469582213645719e+00
1.123117316518475306e+01 1.725916530891335299e+01
3.520522798688790478e-01 1.277227543771289442e+00
9.924843369135873949e-01 2.723268169606323230e+00
1.744902177869762649e+00 4.608999946882609500e+00
2.448437199237414763e+00 4.642484814475333010e+00
6.418160255933697655e+00 1.047799211440676181e+01
1.344185414378236354e+00 3.326716723399843367e+00
4.595498694525643302e+00 8.195125362942006220e+00
1.462006790743570761e-01 7.119315558489290874e-01
1.879954134635199448e-01 6.370982088247515440e-01
1.754612545786484512e+00 5.314920939448082748e+00
3.702496530392167529e+00 7.080311605100325423e+00
4.098267901321600570e-01 1.533603509376961105e+00
5.819353480527144074e-01 1.472091032675775013e+00
1.046653031537254464e+01 1.668729433632227455e+01
2.589242433242781249e+00 5.659281706203795004e+00
