2.391646623611450195e+00
2.270292043685913086e+00
2.428094625473022461e+00
2.368210315704345703e+00
2.404098749160766602e+00
2.526296377182006836e+00
2.244022369384765625e+00
2.378648281097412109e+00
2.105558395385742188e+00
2.309315443038940430e+00
2.286746740341186523e+00
2.344079017639160156e+00
2.293688535690307617e+00
2.494796514511108398e+00
2.447632789611816406e+00
2.455943584442138672e+00
2.306536912918090820e+00
2.302883148193359375e+00
2.421102046966552734e+00
2.523103713989257812e+00
2.185263633728027344e+00
2.465756177902221680e+00
2.410220146179199219e+00
2.419865846633911133e+00
2.352417707443237305e+00
2.174874544143676758e+00
2.449172258377075195e+00
2.492449760437011719e+00
2.120334625244140625e+00
2.372684955596923828e+00
2.348334550857543945e+00
2.395348548889160156e+00
2.276667833328247070e+00
2.410631895065307617e+00
2.353565216064453125e+00
2.349881410598754883e+00
2.406811475753784180e+00
2.271055221557617188e+00
2.294885635375976562e+00
2.331596374511718750e+00
2.286309242248535156e+00
2.448595046997070312e+00
2.333637237548828125e+00
2.290766239166259766e+00
2.378300428390502930e+00
2.369760751724243164e+00
2.355944395065307617e+00
2.250166416168212891e+00
2.388626337051391602e+00
2.323117971420288086e+00
2.270690679550170898e+00
2.339221239089965820e+00
2.180245876312255859e+00
2.364143848419189453e+00
2.299845218658447266e+00
2.346184492111206055e+00
2.308673381805419922e+00
2.320761203765869141e+00
2.277567386627197266e+00
2.395540237426757812e+00
2.135529994964599609e+00
2.298808574676513672e+00
2.451915740966796875e+00
2.235115528106689453e+00
2.268318653106689453e+00
2.307393550872802734e+00
2.352173089981079102e+00
2.447067260742187500e+00
2.221168041229248047e+00
2.409686088562011719e+00
2.380259037017822266e+00
2.473199844360351562e+00
2.393610477447509766e+00
2.453075170516967773e+00
2.375336170196533203e+00
2.256091833114624023e+00
2.292291641235351562e+00
2.292218685150146484e+00
2.302126169204711914e+00
2.760470390319824219e+00
2.323758125305175781e+00
2.353342533111572266e+00
2.238798618316650391e+00
2.366728067398071289e+00
2.391585350036621094e+00
2.391978502273559570e+00
2.261759042739868164e+00
2.328901529312133789e+00
2.316939592361450195e+00
2.327551126480102539e+00
2.323701620101928711e+00
2.201305866241455078e+00
2.341867685317993164e+00
2.364315986633300781e+00
2.382150411605834961e+00
2.369127988815307617e+00
2.240538120269775391e+00
2.394934177398681641e+00
2.379447221755981445e+00
2.260375499725341797e+00
