2.293258428573608398e+00
2.254377841949462891e+00
2.480274200439453125e+00
2.551299571990966797e+00
2.330446243286132812e+00
2.155944824218750000e+00
2.514512062072753906e+00
2.411941528320312500e+00
2.173632621765136719e+00
2.222047805786132812e+00
2.296970367431640625e+00
2.230933666229248047e+00
2.265403270721435547e+00
2.243226051330566406e+00
2.313313007354736328e+00
2.383709907531738281e+00
2.612858772277832031e+00
2.427754402160644531e+00
2.477768659591674805e+00
2.246316194534301758e+00
2.335992097854614258e+00
2.363792419433593750e+00
2.416922807693481445e+00
2.507016181945800781e+00
2.488584041595458984e+00
2.431191444396972656e+00
2.369547367095947266e+00
2.525415420532226562e+00
2.490738153457641602e+00
2.572916507720947266e+00
2.444614887237548828e+00
2.579395771026611328e+00
2.301937818527221680e+00
2.446197986602783203e+00
2.228485107421875000e+00
2.219532012939453125e+00
2.340693712234497070e+00
2.660145044326782227e+00
2.424988985061645508e+00
2.189426898956298828e+00
2.162455558776855469e+00
2.434967279434204102e+00
2.298904895782470703e+00
2.240504026412963867e+00
2.340357780456542969e+00
2.227614164352416992e+00
2.318189859390258789e+00
2.181561946868896484e+00
2.313037395477294922e+00
2.330750226974487305e+00
2.416444778442382812e+00
2.506095409393310547e+00
2.457119941711425781e+00
2.171018838882446289e+00
2.310857295989990234e+00
2.438476085662841797e+00
2.260490894317626953e+00
2.369854450225830078e+00
2.410718441009521484e+00
2.299600124359130859e+00
2.315361499786376953e+00
2.393198966979980469e+00
2.362060546875000000e+00
2.301902770996093750e+00
2.139337539672851562e+00
2.384007930755615234e+00
2.386915206909179688e+00
2.473584651947021484e+00
2.470470905303955078e+00
2.361402988433837891e+00
2.486436605453491211e+00
2.342213869094848633e+00
2.492377281188964844e+00
2.375700235366821289e+00
2.331874847412109375e+00
2.294955253601074219e+00
2.313580513000488281e+00
2.305105686187744141e+00
2.389816284179687500e+00
2.507159948348999023e+00
2.442175149917602539e+00
2.218978643417358398e+00
2.295482635498046875e+00
2.432848453521728516e+00
2.368745565414428711e+00
2.475634813308715820e+00
2.221514463424682617e+00
2.190436363220214844e+00
2.711504220962524414e+00
2.307939529418945312e+00
2.435953140258789062e+00
2.411075115203857422e+00
2.258542537689208984e+00
2.441242694854736328e+00
2.425720930099487305e+00
2.283024311065673828e+00
2.553362369537353516e+00
2.407443761825561523e+00
2.574759006500244141e+00
2.308704853057861328e+00
