1.609574127197265625e+01
1.592392730712890625e+01
1.579343605041503906e+01
1.560314083099365234e+01
1.611946105957031250e+01
1.563684558868408203e+01
1.586244010925292969e+01
1.571810531616210938e+01
1.583777713775634766e+01
1.592896080017089844e+01
1.596296119689941406e+01
1.581262874603271484e+01
1.574414253234863281e+01
1.570668315887451172e+01
1.596368885040283203e+01
1.619035720825195312e+01
1.589597797393798828e+01
1.602921295166015625e+01
1.574254703521728516e+01
1.602983665466308594e+01
1.586635398864746094e+01
1.588879585266113281e+01
1.591288661956787109e+01
1.556895637512207031e+01
1.562605476379394531e+01
1.568698596954345703e+01
1.595195007324218750e+01
1.566297054290771484e+01
1.592859458923339844e+01
1.552593421936035156e+01
1.537903308868408203e+01
1.597421836853027344e+01
1.582919216156005859e+01
1.586031341552734375e+01
1.582915973663330078e+01
1.579080390930175781e+01
1.601793861389160156e+01
1.568137454986572266e+01
1.594670486450195312e+01
1.586289310455322266e+01
1.564930629730224609e+01
1.596123123168945312e+01
1.579609298706054688e+01
1.552692985534667969e+01
1.593157863616943359e+01
1.571139621734619141e+01
1.580873680114746094e+01
1.592282199859619141e+01
1.570269107818603516e+01
1.578703308105468750e+01
1.597772407531738281e+01
1.588637256622314453e+01
1.589412403106689453e+01
1.587868881225585938e+01
1.591911602020263672e+01
1.586543273925781250e+01
1.576800060272216797e+01
1.551715278625488281e+01
1.593845367431640625e+01
1.559955024719238281e+01
1.566183948516845703e+01
1.564588546752929688e+01
1.551549720764160156e+01
1.592495822906494141e+01
1.626244735717773438e+01
1.565619945526123047e+01
1.581729221343994141e+01
1.606528282165527344e+01
1.577336215972900391e+01
1.589928531646728516e+01
1.571934223175048828e+01
1.561767005920410156e+01
1.558032703399658203e+01
1.563710117340087891e+01
1.584206771850585938e+01
1.581589508056640625e+01
1.599848556518554688e+01
1.565664386749267578e+01
1.567813205718994141e+01
1.550940418243408203e+01
1.592154598236083984e+01
1.568345355987548828e+01
1.566445922851562500e+01
1.564216995239257812e+01
1.579368019104003906e+01
1.584419727325439453e+01
1.561177349090576172e+01
1.570529365539550781e+01
1.598028564453125000e+01
1.557837963104248047e+01
1.587615394592285156e+01
1.584030914306640625e+01
1.548480129241943359e+01
1.585489749908447266e+01
1.561803150177001953e+01
1.570018291473388672e+01
1.605013847351074219e+01
1.582271766662597656e+01
1.592085361480712891e+01
1.607727241516113281e+01
