2.467086076736450195e+00
2.401581048965454102e+00
2.545181751251220703e+00
2.765186309814453125e+00
2.532379865646362305e+00
2.333471536636352539e+00
2.635932922363281250e+00
2.509335994720458984e+00
2.351276159286499023e+00
2.380042076110839844e+00
2.423583984375000000e+00
2.394967079162597656e+00
2.553071498870849609e+00
2.496082544326782227e+00
2.439570426940917969e+00
2.597044706344604492e+00
2.728867769241333008e+00
2.570855140686035156e+00
2.595806598663330078e+00
2.431585311889648438e+00
2.505475997924804688e+00
2.478629350662231445e+00
2.628111839294433594e+00
2.637059450149536133e+00
2.713435411453247070e+00
2.613379955291748047e+00
2.506047248840332031e+00
2.683200597763061523e+00
2.647449254989624023e+00
2.691939830780029297e+00
2.524220228195190430e+00
2.668821334838867188e+00
2.505603551864624023e+00
2.650710105895996094e+00
2.335701465606689453e+00
2.405436515808105469e+00
2.550441741943359375e+00
2.555763006210327148e+00
2.607543706893920898e+00
2.340961933135986328e+00
2.327221632003784180e+00
2.543139696121215820e+00
2.422572374343872070e+00
2.422542095184326172e+00
2.531407117843627930e+00
2.405682086944580078e+00
2.452622175216674805e+00
2.436980485916137695e+00
2.521129369735717773e+00
2.551471471786499023e+00
2.575695753097534180e+00
2.668241500854492188e+00
2.608239412307739258e+00
2.350541353225708008e+00
2.471462249755859375e+00
2.591163873672485352e+00
2.401963233947753906e+00
2.523439407348632812e+00
2.562774658203125000e+00
2.450166702270507812e+00
2.414277791976928711e+00
2.490763664245605469e+00
2.528686285018920898e+00
2.447865009307861328e+00
2.399128913879394531e+00
2.522788047790527344e+00
2.502566576004028320e+00
2.642387390136718750e+00
2.612171173095703125e+00
2.517860651016235352e+00
2.643349647521972656e+00
2.470901250839233398e+00
2.580194473266601562e+00
2.540906906127929688e+00
2.516331911087036133e+00
2.439880847930908203e+00
2.449025154113769531e+00
2.462514400482177734e+00
2.623253345489501953e+00
2.637073278427124023e+00
2.632084608078002930e+00
2.473889827728271484e+00
2.449127197265625000e+00
2.614831686019897461e+00
2.614680767059326172e+00
2.593181133270263672e+00
2.307760000228881836e+00
2.347454786300659180e+00
2.811834573745727539e+00
2.463423252105712891e+00
2.633953094482421875e+00
2.591379642486572266e+00
2.262423515319824219e+00
2.624160766601562500e+00
2.652112483978271484e+00
2.478977441787719727e+00
2.682717800140380859e+00
2.578233242034912109e+00
2.715058803558349609e+00
2.499907970428466797e+00
