2.384495735168457031e+00
2.339275360107421875e+00
2.550826072692871094e+00
2.388172626495361328e+00
2.342722177505493164e+00
2.486253738403320312e+00
2.326911449432373047e+00
2.422684192657470703e+00
2.217542648315429688e+00
2.518629550933837891e+00
2.301591873168945312e+00
2.518105030059814453e+00
2.278637409210205078e+00
2.619614601135253906e+00
2.457926034927368164e+00
2.396737098693847656e+00
2.442424535751342773e+00
2.442389488220214844e+00
2.399651765823364258e+00
2.479481697082519531e+00
2.350489616394042969e+00
2.638873577117919922e+00
2.524523258209228516e+00
2.380361557006835938e+00
2.370878696441650391e+00
2.211722373962402344e+00
2.509706974029541016e+00
2.397477388381958008e+00
2.370862483978271484e+00
2.493882656097412109e+00
2.365500450134277344e+00
2.537994623184204102e+00
2.516364097595214844e+00
2.535295486450195312e+00
2.405438899993896484e+00
2.357584953308105469e+00
2.319502353668212891e+00
2.439020633697509766e+00
2.387575626373291016e+00
2.575859069824218750e+00
2.371439933776855469e+00
2.451462984085083008e+00
2.426421403884887695e+00
2.318660259246826172e+00
2.285404443740844727e+00
2.642450332641601562e+00
2.370691537857055664e+00
2.294549465179443359e+00
2.525979995727539062e+00
2.391989469528198242e+00
2.177903652191162109e+00
2.580135345458984375e+00
2.347320556640625000e+00
2.530592441558837891e+00
2.422087192535400391e+00
2.372255325317382812e+00
2.462349891662597656e+00
2.426877021789550781e+00
2.388973951339721680e+00
2.444885253906250000e+00
2.301333904266357422e+00
2.414157867431640625e+00
2.634785175323486328e+00
2.351140975952148438e+00
2.441823005676269531e+00
2.187802314758300781e+00
2.441182613372802734e+00
2.664268016815185547e+00
2.370846748352050781e+00
2.719348669052124023e+00
2.562814712524414062e+00
2.552487850189208984e+00
2.539455175399780273e+00
2.353062629699707031e+00
2.498109340667724609e+00
2.370510578155517578e+00
2.393533229827880859e+00
2.506855249404907227e+00
2.518535137176513672e+00
2.730638742446899414e+00
2.446207523345947266e+00
2.535409927368164062e+00
2.313843011856079102e+00
2.556524753570556641e+00
2.520358085632324219e+00
2.399894714355468750e+00
2.309222698211669922e+00
2.487677097320556641e+00
2.535651206970214844e+00
2.275547027587890625e+00
2.329276561737060547e+00
2.384933948516845703e+00
2.534081935882568359e+00
2.536530017852783203e+00
2.516190767288208008e+00
2.552493095397949219e+00
2.396795272827148438e+00
2.421664953231811523e+00
2.396768808364868164e+00
2.415667533874511719e+00
