2.351340532302856445e+00
2.164084434509277344e+00
2.415850162506103516e+00
2.279288768768310547e+00
2.277208566665649414e+00
2.423714160919189453e+00
2.089884757995605469e+00
2.297054290771484375e+00
2.007420778274536133e+00
2.278667211532592773e+00
2.203884124755859375e+00
2.287820816040039062e+00
2.209398984909057617e+00
2.411870479583740234e+00
2.416415929794311523e+00
2.371198654174804688e+00
2.267316818237304688e+00
2.310701370239257812e+00
2.270605564117431641e+00
2.418469190597534180e+00
2.196434974670410156e+00
2.368386745452880859e+00
2.316102266311645508e+00
2.321222782135009766e+00
2.209115505218505859e+00
2.054925918579101562e+00
2.299519062042236328e+00
2.343068599700927734e+00
2.215473651885986328e+00
2.265337467193603516e+00
2.249533891677856445e+00
2.281596660614013672e+00
2.291372776031494141e+00
2.387945413589477539e+00
2.248794555664062500e+00
2.216419458389282227e+00
2.322264671325683594e+00
2.304286003112792969e+00
2.174497127532958984e+00
2.275135517120361328e+00
2.179082870483398438e+00
2.216741800308227539e+00
2.228171348571777344e+00
2.196844816207885742e+00
2.222144126892089844e+00
2.374013900756835938e+00
2.238801479339599609e+00
2.194696426391601562e+00
2.361066579818725586e+00
2.168233871459960938e+00
2.132728099822998047e+00
2.419930934906005859e+00
2.195727109909057617e+00
2.303242921829223633e+00
2.196783542633056641e+00
2.214169025421142578e+00
2.367512702941894531e+00
2.190936088562011719e+00
2.232734918594360352e+00
2.361163377761840820e+00
2.197015762329101562e+00
2.268382310867309570e+00
2.522436618804931641e+00
2.144536972045898438e+00
2.244007587432861328e+00
2.181335449218750000e+00
2.277546405792236328e+00
2.516287803649902344e+00
2.125614643096923828e+00
2.496606349945068359e+00
2.412559032440185547e+00
2.403212070465087891e+00
2.384812593460083008e+00
2.235174655914306641e+00
2.326625823974609375e+00
2.223620891571044922e+00
2.259358167648315430e+00
2.284228563308715820e+00
2.351898670196533203e+00
2.780141115188598633e+00
2.262210845947265625e+00
2.268398761749267578e+00
2.145150661468505859e+00
2.304902076721191406e+00
2.385886192321777344e+00
2.325919151306152344e+00
2.202641963958740234e+00
2.280500650405883789e+00
2.288963317871093750e+00
2.198599815368652344e+00
2.164234399795532227e+00
2.185267448425292969e+00
2.325556278228759766e+00
2.358053684234619141e+00
2.403780698776245117e+00
2.430943965911865234e+00
2.274074792861938477e+00
2.280302047729492188e+00
2.359436988830566406e+00
2.227867364883422852e+00
