1.588647270202636719e+01
1.578475379943847656e+01
1.568384933471679688e+01
1.551490592956542969e+01
1.607153511047363281e+01
1.569254302978515625e+01
1.574009132385253906e+01
1.560786628723144531e+01
1.580625534057617188e+01
1.595026206970214844e+01
1.598371505737304688e+01
1.561671447753906250e+01
1.558937835693359375e+01
1.574092292785644531e+01
1.587777900695800781e+01
1.611261558532714844e+01
1.591782569885253906e+01
1.586451530456542969e+01
1.563077545166015625e+01
1.607278251647949219e+01
1.587486839294433594e+01
1.590163421630859375e+01
1.590482139587402344e+01
1.562075996398925781e+01
1.565114212036132812e+01
1.561353492736816406e+01
1.594565582275390625e+01
1.551927185058593750e+01
1.582467842102050781e+01
1.542232322692871094e+01
1.541094970703125000e+01
1.593886184692382812e+01
1.577369117736816406e+01
1.578622436523437500e+01
1.578970146179199219e+01
1.573968887329101562e+01
1.594898033142089844e+01
1.564719581604003906e+01
1.607097053527832031e+01
1.576791954040527344e+01
1.545800781250000000e+01
1.588106727600097656e+01
1.569634246826171875e+01
1.566351127624511719e+01
1.595559692382812500e+01
1.579260063171386719e+01
1.584445762634277344e+01
1.590945625305175781e+01
1.553950500488281250e+01
1.573954200744628906e+01
1.585060119628906250e+01
1.575226974487304688e+01
1.579396438598632812e+01
1.582097053527832031e+01
1.572764587402343750e+01
1.567215538024902344e+01
1.558053588867187500e+01
1.556053161621093750e+01
1.586475181579589844e+01
1.528985023498535156e+01
1.556333732604980469e+01
1.543942070007324219e+01
1.536097908020019531e+01
1.587199783325195312e+01
1.619105529785156250e+01
1.547176170349121094e+01
1.586666297912597656e+01
1.585103416442871094e+01
1.571728324890136719e+01
1.594096755981445312e+01
1.567228317260742188e+01
1.542309188842773438e+01
1.535674285888671875e+01
1.570240592956542969e+01
1.585148048400878906e+01
1.565853691101074219e+01
1.596634483337402344e+01
1.563592910766601562e+01
1.560463714599609375e+01
1.540080642700195312e+01
1.588710784912109375e+01
1.554282760620117188e+01
1.560943412780761719e+01
1.553816604614257812e+01
1.573547744750976562e+01
1.582266616821289062e+01
1.553603172302246094e+01
1.549745178222656250e+01
1.598615455627441406e+01
1.540889739990234375e+01
1.581268501281738281e+01
1.572308158874511719e+01
1.546085739135742188e+01
1.596745491027832031e+01
1.547502136230468750e+01
1.561523818969726562e+01
1.594715881347656250e+01
1.592239761352539062e+01
1.587599372863769531e+01
1.589081382751464844e+01
