1.324016979217529233e+01
9.876908788681030060e+00
1.187167843818664537e+01
4.000008618831634166e+00
8.308626478910445812e-01
1.046711039543151855e+01
2.153394616842269738e+00
1.084859408378601131e+01
3.802314760684966988e+00
1.653569432497024483e+00
1.352624882459640521e+00
6.942792978286743022e+00
2.363970592021942263e+00
1.311158872604370096e+01
6.228649864196777131e+00
1.186836065053939793e+00
1.243193963050842221e+01
1.992654447555542063e+01
9.782407146692275735e-01
6.269417706131935608e-01
1.295928130745887863e+00
1.405750731229782113e+00
2.348686180114746058e+00
4.740029792785644958e+00
5.039791655540466486e+00
1.066825628876686194e+00
1.066311116814613325e+00
2.810919094085693182e+00
1.257354583740234411e+01
6.671189193725585831e+00
1.120241133689880364e+01
3.580238606929778911e+00
6.218627443313598846e+00
3.219908132553100710e+00
3.279859099388122701e+00
1.677364013671875043e+01
5.422004156112670614e+00
4.945073795318603693e+00
1.002117774963378949e+01
1.208459843397140521e+00
6.128026416897773831e-01
6.543912487030029368e+00
5.718250465393066584e+00
7.630195770263672017e+00
1.175301702618599009e+00
9.901995062828063965e-01
5.828315111994742947e-01
5.846270990371704279e+00
2.600363895893096799e+00
2.490089406967163299e+00
3.498400640487671076e+00
2.898037827014923185e+00
4.886933898925780895e+00
6.932028096914291115e-01
7.578194856643676758e+00
7.795283250808715536e+00
1.108214208602905337e+01
6.756253137588500657e+00
7.975356283187866602e+00
1.040210712432861406e+01
1.003375460505485428e+00
2.464557607173919695e+00
7.487377357482910334e+00
1.180280721664428789e+01
7.367701168060302841e+00
1.200746060609817478e+00
2.750588905811309992e+00
7.067033445835113614e-01
5.251330213546753001e+00
8.143727570772171243e-01
1.427148152589797991e+00
4.881263203620910929e+00
5.260631914138794052e+00
1.016976752281189000e+01
3.281270010471343923e+00
1.059094445228576653e+01
8.326354444026946577e-01
3.030304002761840643e+00
3.011247627735138099e+00
8.971850957870483256e+00
3.474077498912811368e+00
7.520325546264648331e+00
3.450832417011261199e+00
5.047985601425170721e+00
1.264252459406852713e+00
2.765082092285156445e+00
1.108261424303054854e+00
3.374118285179138255e+00
9.580811929702758079e+00
2.290028312206268346e+00
3.656302640438079621e+00
2.939897880554199094e+00
1.474362660408019998e+01
1.171094034194946332e+01
1.101751480102539027e+01
1.194565898776054347e+00
3.740890562534332275e+00
2.887858095169067330e+00
