2.357643127441406250e+00
2.193116426467895508e+00
2.362487792968750000e+00
2.308162212371826172e+00
2.368516206741333008e+00
2.455823659896850586e+00
2.141091585159301758e+00
2.276791572570800781e+00
2.051265239715576172e+00
2.201454401016235352e+00
2.181900501251220703e+00
2.241870880126953125e+00
2.261154651641845703e+00
2.387720108032226562e+00
2.285711765289306641e+00
2.324784994125366211e+00
2.221389055252075195e+00
2.234197854995727539e+00
2.305147647857666016e+00
2.443962097167968750e+00
2.092152833938598633e+00
2.346447706222534180e+00
2.269368410110473633e+00
2.286348581314086914e+00
2.230306863784790039e+00
2.072632789611816406e+00
2.309779882431030273e+00
2.382152318954467773e+00
2.056476593017578125e+00
2.251015424728393555e+00
2.269423007965087891e+00
2.220874309539794922e+00
2.206168651580810547e+00
2.306622266769409180e+00
2.296353816986083984e+00
2.242833375930786133e+00
2.305302143096923828e+00
2.171021699905395508e+00
2.234682083129882812e+00
2.195506334304809570e+00
2.139207839965820312e+00
2.304040908813476562e+00
2.256031751632690430e+00
2.165175437927246094e+00
2.227342605590820312e+00
2.299900293350219727e+00
2.302864313125610352e+00
2.099268436431884766e+00
2.313638448715209961e+00
2.216544866561889648e+00
2.162189245223999023e+00
2.190863132476806641e+00
2.095022439956665039e+00
2.231771945953369141e+00
2.223156690597534180e+00
2.239757299423217773e+00
2.027142286300659180e+00
2.196443796157836914e+00
2.218384981155395508e+00
2.287918567657470703e+00
2.044902801513671875e+00
2.233080387115478516e+00
2.352492094039916992e+00
2.121929407119750977e+00
2.150271654129028320e+00
2.197215318679809570e+00
2.250700473785400391e+00
2.359149456024169922e+00
2.112276554107666016e+00
2.291237354278564453e+00
2.313796758651733398e+00
2.423256158828735352e+00
2.281252622604370117e+00
2.277968406677246094e+00
2.322128057479858398e+00
2.136225461959838867e+00
2.215452909469604492e+00
2.250932455062866211e+00
2.234886884689331055e+00
2.641171932220458984e+00
2.256444215774536133e+00
2.296991825103759766e+00
2.239804267883300781e+00
2.291558742523193359e+00
2.304620504379272461e+00
2.249299526214599609e+00
2.128889322280883789e+00
2.268738269805908203e+00
2.269728422164916992e+00
2.151493549346923828e+00
2.185430288314819336e+00
2.134761571884155273e+00
2.280001878738403320e+00
2.367490291595458984e+00
2.240972757339477539e+00
2.251367330551147461e+00
2.159411191940307617e+00
2.305015563964843750e+00
2.299282550811767578e+00
2.183411598205566406e+00
