1.329623985290527344e+01
1.332720661163330078e+01
1.319698238372802734e+01
1.312390804290771484e+01
1.308326435089111328e+01
1.354562473297119141e+01
1.317611408233642578e+01
1.310338973999023438e+01
1.327346801757812500e+01
1.341490173339843750e+01
1.350219726562500000e+01
1.310034465789794922e+01
1.339476108551025391e+01
1.329422283172607422e+01
1.325729465484619141e+01
1.314191341400146484e+01
1.321738433837890625e+01
1.292814922332763672e+01
1.310908794403076172e+01
1.326053619384765625e+01
1.327940559387207031e+01
1.314070796966552734e+01
1.300759315490722656e+01
1.344634628295898438e+01
1.289521312713623047e+01
1.330922698974609375e+01
1.321859931945800781e+01
1.329982471466064453e+01
1.340102767944335938e+01
1.308712482452392578e+01
1.300915813446044922e+01
1.329600143432617188e+01
1.308050632476806641e+01
1.346559047698974609e+01
1.295292377471923828e+01
1.302126693725585938e+01
1.347360134124755859e+01
1.319123363494873047e+01
1.350104141235351562e+01
1.290475368499755859e+01
1.291614627838134766e+01
1.333487319946289062e+01
1.304331111907958984e+01
1.333014202117919922e+01
1.291763114929199219e+01
1.343772983551025391e+01
1.333254909515380859e+01
1.342082691192626953e+01
1.346667957305908203e+01
1.339510440826416016e+01
1.346249866485595703e+01
1.335117530822753906e+01
1.311505794525146484e+01
1.314511489868164062e+01
1.342834377288818359e+01
1.347769546508789062e+01
1.314286422729492188e+01
1.314049530029296875e+01
1.316008186340332031e+01
1.331485939025878906e+01
1.293860816955566406e+01
1.291385078430175781e+01
1.315054988861083984e+01
1.279463672637939453e+01
1.331809616088867188e+01
1.336586284637451172e+01
1.320742416381835938e+01
1.323117065429687500e+01
1.329633426666259766e+01
1.297464752197265625e+01
1.346703720092773438e+01
1.319200229644775391e+01
1.305050849914550781e+01
1.339933395385742188e+01
1.324283504486083984e+01
1.317356967926025391e+01
1.340061283111572266e+01
1.313488578796386719e+01
1.322729873657226562e+01
1.330552673339843750e+01
1.326379203796386719e+01
1.350790119171142578e+01
1.313465595245361328e+01
1.322867965698242188e+01
1.326579856872558594e+01
1.315253639221191406e+01
1.322009181976318359e+01
1.325617980957031250e+01
1.336883640289306641e+01
1.284995651245117188e+01
1.303637123107910156e+01
1.333448886871337891e+01
1.320935153961181641e+01
1.327559852600097656e+01
1.325298786163330078e+01
1.315470695495605469e+01
1.326793003082275391e+01
1.313255786895751953e+01
1.316362094879150391e+01
1.333021163940429688e+01
