2.431417226791381836e+00
2.451637983322143555e+00
2.653615236282348633e+00
2.638074874877929688e+00
2.444801330566406250e+00
2.555008888244628906e+00
2.573588371276855469e+00
2.613284587860107422e+00
2.353528499603271484e+00
2.376405239105224609e+00
2.367153882980346680e+00
2.366368293762207031e+00
2.362155675888061523e+00
2.338706731796264648e+00
2.493902921676635742e+00
2.569773197174072266e+00
2.641290903091430664e+00
2.580991744995117188e+00
2.440107822418212891e+00
2.489509105682373047e+00
2.438867330551147461e+00
2.493215560913085938e+00
2.582924604415893555e+00
2.668906688690185547e+00
2.543737411499023438e+00
2.526565313339233398e+00
2.526302576065063477e+00
2.659595489501953125e+00
2.614374876022338867e+00
2.712067127227783203e+00
2.611969470977783203e+00
2.545606851577758789e+00
2.560486555099487305e+00
2.587667942047119141e+00
2.487689495086669922e+00
2.383019685745239258e+00
2.545115232467651367e+00
2.335290670394897461e+00
2.537328958511352539e+00
2.623753070831298828e+00
2.483284235000610352e+00
2.696983814239501953e+00
2.455051660537719727e+00
2.374440193176269531e+00
2.523666143417358398e+00
2.487548589706420898e+00
2.586351871490478516e+00
2.402063131332397461e+00
2.425889968872070312e+00
2.540794372558593750e+00
2.547571182250976562e+00
2.646483182907104492e+00
2.484934806823730469e+00
2.349624633789062500e+00
2.717183351516723633e+00
2.607590913772583008e+00
2.595910549163818359e+00
2.553216934204101562e+00
2.522349119186401367e+00
2.487954139709472656e+00
2.541200876235961914e+00
2.480518579483032227e+00
2.562985420227050781e+00
2.589920282363891602e+00
2.466142892837524414e+00
2.595185756683349609e+00
2.484704256057739258e+00
2.544787406921386719e+00
2.598112583160400391e+00
2.465500831604003906e+00
2.716186761856079102e+00
2.500196933746337891e+00
2.674149274826049805e+00
2.545729637145996094e+00
2.546380519866943359e+00
2.428643226623535156e+00
2.528642416000366211e+00
2.592039346694946289e+00
2.625806808471679688e+00
2.563786983489990234e+00
2.503967523574829102e+00
2.437647104263305664e+00
2.466358423233032227e+00
2.574449777603149414e+00
2.577758789062500000e+00
2.600157976150512695e+00
2.442690134048461914e+00
2.428717374801635742e+00
2.796982288360595703e+00
2.563114643096923828e+00
2.517510890960693359e+00
2.566214323043823242e+00
2.384632110595703125e+00
2.618483066558837891e+00
2.609792947769165039e+00
2.493658542633056641e+00
2.641217231750488281e+00
2.542060852050781250e+00
2.476300954818725586e+00
2.475638866424560547e+00
