0.176 0.098 2.000 0.000 7.500 -0.001
0.161 0.023 2.000 1.000 7.500 -0.002
0.149 0.027 2.000 2.000 7.500 -0.005
0.135 0.027 2.000 3.000 7.500 -0.010
0.129 0.574 2.000 4.000 7.500 -0.002
0.122 0.578 2.000 5.000 7.500 -0.005
0.133 1.145 2.000 12.000 7.500 -0.010
0.381 0.148 2.000 27.000 7.500 -0.114
0.205 0.668 2.000 29.000 7.500 0.031
0.376 0.168 2.000 31.000 7.500 -0.007
0.386 0.184 2.000 33.000 7.500 -0.021
0.422 0.082 2.000 35.000 7.500 -0.058
0.458 0.117 2.000 37.000 7.500 -0.120
0.311 0.145 2.000 38.000 7.500 -0.002
0.321 0.160 2.000 40.000 7.500 -0.007
0.322 0.156 2.000 42.000 7.500 -0.022
0.352 0.086 2.000 44.000 7.500 -0.058
0.335 0.121 2.000 48.000 7.500 -0.000
0.392 0.129 2.000 50.000 7.500 -0.109
0.307 0.145 2.000 51.000 7.500 -0.078
0.228 0.070 2.000 53.000 7.500 -0.037
0.247 0.105 2.000 55.000 7.500 -0.058
0.208 0.109 2.000 60.000 7.500 -0.002
0.205 0.035 2.000 62.000 7.500 -0.006
0.208 0.047 2.000 64.000 7.500 -0.016
0.314 0.105 2.000 68.000 7.500 -0.000
0.285 0.125 2.000 69.000 7.500 -0.001
0.254 0.141 2.000 70.000 7.500 -0.003
0.228 0.141 2.000 71.000 7.500 -0.009
0.202 0.223 2.000 72.000 7.500 0.023
0.215 0.051 2.000 74.000 7.500 -0.021
0.212 0.062 2.000 75.000 7.500 -0.041
0.191 0.082 2.000 76.000 7.500 -0.051
0.146 1.152 2.000 77.000 7.500 -0.023
0.339 0.176 2.000 78.000 7.500 -0.015
0.343 0.074 2.000 80.000 7.500 -0.041
0.353 0.094 2.000 82.000 7.500 -0.086
0.310 0.125 2.000 84.000 7.500 -0.100
0.389 0.117 2.000 86.000 7.500 -0.000
0.356 0.145 2.000 88.000 7.500 -0.001
0.348 0.160 2.000 90.000 7.500 -0.005
0.407 0.125 2.000 91.000 7.500 -0.000
0.362 0.148 2.000 92.000 7.500 -0.002
0.181 0.098 2.000 93.000 7.500 -0.013
0.280 0.406 2.000 94.000 7.500 0.096
0.115 0.012 2.000 105.000 7.500 -0.001
0.105 0.008 2.000 106.000 7.500 -0.002
0.122 0.016 2.000 109.000 7.500 -0.000
0.195 0.086 2.000 110.000 7.500 -0.000
0.120 1.090 2.000 117.000 7.500 -0.015
0.589 0.230 2.000 119.000 8.000 -0.009
0.570 0.266 2.000 120.000 8.000 -0.026
0.592 0.289 2.000 121.000 8.000 -0.064
0.669 0.266 2.000 122.000 8.000 -0.139
0.494 0.227 2.000 123.000 8.000 -0.027
0.563 0.102 2.000 124.000 8.000 -0.066
0.220 2.238 2.000 125.000 8.000 -0.002
0.225 2.207 2.000 126.000 8.000 -0.004
0.264 2.074 2.000 127.000 8.000 -0.007
0.237 2.895 2.000 128.000 8.000 -0.008
0.243 2.254 2.000 129.000 8.000 -0.005
0.273 3.055 2.000 130.000 8.000 -0.011
0.668 0.164 2.000 131.000 8.000 -0.137
0.263 2.949 2.000 132.000 8.000 -0.007
0.310 2.055 2.000 133.000 8.000 -0.010
0.247 2.066 2.000 134.000 8.000 -0.013
0.280 1.684 2.000 135.000 8.000 -0.015
0.300 1.652 2.000 136.000 8.000 -0.014
0.324 2.109 2.000 137.000 8.000 -0.013
0.372 2.109 2.000 138.000 8.000 -0.019
0.274 2.125 2.000 139.000 8.000 -0.023
0.281 1.762 2.000 140.000 8.000 -0.023
0.248 0.148 2.000 141.000 8.000 -0.004
0.236 0.152 2.000 142.000 8.000 -0.008
0.312 0.168 2.000 143.000 8.000 -0.003
0.294 0.188 2.000 144.000 8.000 -0.007
0.342 1.238 2.000 145.000 8.000 -0.017
0.790 0.219 2.000 146.000 8.000 -0.020
0.295 1.238 2.000 147.000 8.000 -0.009
1.095 0.707 2.000 148.000 8.000 0.340
0.198 1.211 2.000 149.000 8.000 -0.005
1.200 0.312 2.000 150.000 8.000 -0.076
0.208 1.086 2.000 151.000 8.000 -0.006
1.306 0.324 2.000 152.000 8.000 -0.195
0.196 1.883 2.000 153.000 8.000 -0.007
1.439 0.207 2.000 154.000 8.000 -0.371
0.178 3.992 2.000 155.000 8.000 -0.006
1.265 0.262 2.000 156.000 8.000 -0.332
0.961 0.281 2.000 157.000 8.000 -0.031
0.172 1.695 2.000 158.000 8.000 -0.001
1.052 0.309 2.000 159.000 8.000 -0.088
0.164 2.895 2.000 160.000 8.000 -0.002
1.230 0.305 2.000 161.000 8.000 -0.223
0.186 2.395 2.000 162.000 8.000 -0.004
1.366 0.230 2.000 163.000 8.000 -0.378
0.208 1.727 2.000 164.000 8.000 -0.002
0.198 0.020 2.000 165.000 8.000 -0.003
0.209 2.445 2.000 166.000 8.000 -0.005
0.964 0.242 2.000 167.000 8.000 -0.010
0.210 2.266 2.000 168.000 8.000 -0.006
1.105 0.258 2.000 169.000 8.000 -0.265
0.747 0.738 2.000 170.000 8.000 0.067
0.232 2.406 2.000 171.000 8.000 -0.007
1.088 0.242 2.000 172.000 8.000 -0.319
0.233 1.219 2.000 173.000 8.000 -0.008
0.818 0.230 2.000 174.000 8.000 -0.164
0.226 1.102 2.000 175.000 8.000 -0.008
0.224 1.887 2.000 176.000 8.000 -0.007
0.249 2.484 2.000 177.000 8.000 -0.008
0.222 2.434 2.000 178.000 8.000 -0.010
0.708 0.270 2.000 179.000 8.000 -0.032
0.247 1.219 2.000 180.000 8.000 -0.010
0.814 0.289 2.000 181.000 8.000 -0.089
0.260 1.969 2.000 182.000 8.000 -0.010
0.998 0.172 2.000 183.000 8.000 -0.217
0.221 2.102 2.000 184.000 8.000 -0.002
0.221 2.059 2.000 185.000 8.000 -0.004
0.250 2.035 2.000 186.000 8.000 -0.006
0.902 0.219 2.000 187.000 8.000 -0.004
0.836 0.254 2.000 188.000 8.000 -0.015
0.810 0.289 2.000 189.000 8.000 -0.042
0.884 0.312 2.000 190.000 8.000 -0.111
0.922 0.703 2.000 191.000 8.000 0.315
0.162 0.648 2.000 192.000 8.000 -0.004
1.026 0.164 2.000 193.000 8.000 -0.247
1.031 0.234 2.000 194.000 8.000 -0.330
0.751 0.227 2.000 195.000 8.000 -0.168
0.779 0.738 2.000 196.000 8.000 0.090
1.172 0.324 2.000 197.000 8.000 -0.157
0.127 3.215 2.000 198.000 8.000 -0.001
1.315 0.184 2.000 199.000 8.000 -0.327
0.139 0.020 2.000 200.000 8.000 -0.002
1.239 0.254 2.000 201.000 8.000 -0.362
0.158 1.660 2.000 202.000 8.000 -0.003
0.839 0.227 2.000 203.000 8.000 -0.107
0.132 0.012 2.000 204.000 8.000 -0.001
1.170 0.230 2.000 205.000 8.000 -0.006
0.148 0.016 2.000 206.000 8.000 -0.002
1.104 0.270 2.000 207.000 8.000 -0.021
0.168 3.164 2.000 208.000 8.000 -0.003
1.086 0.305 2.000 209.000 8.000 -0.060
1.175 0.238 2.000 210.000 8.000 -0.008
1.159 0.277 2.000 211.000 8.000 -0.026
0.976 0.730 2.000 212.000 8.000 0.224
1.146 0.520 2.000 213.000 8.000 0.506
0.188 1.102 2.000 214.000 8.000 -0.005
0.377 1.273 2.000 215.000 8.000 -0.035
0.186 0.660 2.000 216.000 8.000 -0.005
0.397 1.305 2.000 217.000 8.000 -0.016
0.166 0.652 2.000 218.000 8.000 -0.005
0.329 0.711 2.000 219.000 8.000 0.005
0.289 0.199 2.000 220.000 8.000 -0.015
0.331 2.164 2.000 221.000 8.000 -0.027
0.370 2.188 2.000 222.000 8.000 -0.039
0.281 0.094 2.000 223.000 8.000 -0.044
0.387 0.227 2.000 224.000 8.000 -0.014
0.385 0.250 2.000 225.000 8.000 -0.031
0.413 0.234 2.000 226.000 8.000 -0.061
0.430 0.109 2.000 227.000 8.000 -0.092
0.410 0.203 2.000 228.000 8.000 -0.006
0.629 0.199 2.000 229.000 8.000 -0.003
0.404 0.141 2.000 230.000 8.000 -0.089
0.480 1.266 2.000 231.000 8.000 -0.045
0.494 0.754 2.000 232.000 8.000 0.011
0.419 0.730 2.000 233.000 8.000 0.054
0.707 0.180 2.000 234.000 8.000 -0.209
0.584 0.203 2.000 235.000 8.000 -0.156
0.537 0.746 2.000 236.000 8.000 -0.016
0.661 0.758 2.000 237.000 8.000 0.114
2.467 0.430 2.000 238.000 8.500 -0.186
2.759 0.445 2.000 239.000 8.500 -0.462
3.157 0.312 2.000 240.000 8.500 -0.873
2.935 0.383 2.000 241.000 8.500 -0.817
2.926 0.418 2.000 242.000 8.500 -0.701
3.055 0.383 2.000 243.000 8.500 -0.902
0.952 0.352 2.000 244.000 8.500 -0.046
0.999 0.391 2.000 245.000 8.500 -0.095
1.120 0.410 2.000 246.000 8.500 -0.185
0.660 2.949 2.000 247.000 8.500 -0.008
0.677 2.852 2.000 248.000 8.500 0.025
0.753 0.898 2.000 249.000 8.500 0.015
2.416 0.355 2.000 250.000 8.500 -0.467
0.770 3.078 2.000 251.000 8.500 0.084
1.258 0.355 2.000 252.000 8.500 -0.294
1.230 0.270 2.000 253.000 8.500 -0.313
1.014 0.285 2.000 254.000 8.500 -0.209
0.810 0.906 2.000 255.000 8.500 -0.083
1.733 0.410 2.000 256.000 8.500 -0.445
1.834 0.328 2.000 257.000 8.500 -0.584
1.525 0.348 2.000 258.000 8.500 -0.415
1.086 0.297 2.000 259.000 8.500 -0.146
1.313 0.398 2.000 260.000 8.500 -0.101
1.480 0.430 2.000 261.000 8.500 -0.226
1.707 0.391 2.000 262.000 8.500 -0.082
1.835 0.430 2.000 263.000 8.500 -0.199
1.003 0.891 2.000 264.000 8.500 0.061
3.074 0.766 2.000 265.000 8.500 0.617
0.965 0.871 2.000 266.000 8.500 0.208
3.301 0.750 2.000 267.000 8.500 1.117
0.587 0.109 2.000 268.000 8.500 -0.064
3.283 0.406 2.000 269.000 8.500 -0.788
0.538 0.781 2.000 270.000 8.500 -0.061
3.306 0.387 2.000 271.000 8.500 -0.913
0.536 0.855 2.000 272.000 8.500 -0.046
2.543 0.352 2.000 273.000 8.500 -0.412
0.557 2.105 2.000 274.000 8.500 -0.030
2.275 0.816 2.000 275.000 8.500 0.135
2.902 0.449 2.000 276.000 8.500 -0.448
0.706 0.289 2.000 277.000 8.500 -0.019
3.370 0.312 2.000 278.000 8.500 -0.879
0.690 0.301 2.000 279.000 8.500 -0.035
3.155 0.383 2.000 280.000 8.500 -0.824
0.669 0.266 2.000 281.000 8.500 -0.052
2.333 0.336 2.000 282.000 8.500 -0.272
0.735 0.312 2.000 283.000 8.500 -0.029
0.727 0.336 2.000 284.000 8.500 -0.051
0.761 1.684 2.000 285.000 8.500 -0.078
2.598 0.426 2.000 286.000 8.500 -0.172
0.626 2.723 2.000 287.000 8.500 -0.015
2.497 0.801 2.000 288.000 8.500 0.256
3.211 0.762 2.000 289.000 8.500 0.740
0.711 0.141 2.000 290.000 8.500 -0.097
2.073 0.320 2.000 291.000 8.500 -0.116
0.664 1.402 2.000 292.000 8.500 -0.094
2.598 0.789 2.000 293.000 8.500 0.380
0.603 0.840 2.000 294.000 8.500 -0.070
0.563 2.273 2.000 295.000 8.500 -0.039
0.874 0.172 2.000 296.000 8.500 -0.161
0.830 1.453 2.000 297.000 8.500 -0.157
2.967 0.441 2.000 298.000 8.500 -0.567
0.734 1.473 2.000 299.000 8.500 -0.111
3.343 0.352 2.000 300.000 8.500 -0.939
0.681 0.891 2.000 301.000 8.500 -0.054
2.893 0.375 2.000 302.000 8.500 -0.679
0.785 0.336 2.000 303.000 8.500 -0.039
0.803 0.367 2.000 304.000 8.500 -0.073
0.846 0.375 2.000 305.000 8.500 -0.122
2.471 0.391 2.000 306.000 8.500 -0.086
2.630 0.438 2.000 307.000 8.500 -0.240
3.001 0.441 2.000 308.000 8.500 -0.582
3.358 0.352 2.000 309.000 8.500 -0.948
2.823 0.707 2.000 310.000 8.500 1.245
0.527 0.738 2.000 311.000 8.500 -0.031
2.891 0.375 2.000 312.000 8.500 -0.684
2.085 0.320 2.000 313.000 8.500 -0.135
2.377 0.797 2.000 314.000 8.500 0.341
2.645 0.770 2.000 315.000 8.500 0.785
3.381 0.375 2.000 316.000 8.500 -0.955
0.460 0.160 2.000 317.000 8.500 -0.011
2.736 0.363 2.000 318.000 8.500 -0.547
0.503 1.293 2.000 319.000 8.500 -0.019
1.962 0.828 2.000 320.000 8.500 0.009
0.495 0.699 2.000 321.000 8.500 -0.027
2.782 0.777 2.000 322.000 8.500 0.487
0.620 0.254 2.000 323.000 8.500 -0.013
2.512 0.402 2.000 324.000 8.500 -0.107
0.610 0.242 2.000 325.000 8.500 -0.024
2.718 0.441 2.000 326.000 8.500 -0.296
0.579 1.324 2.000 327.000 8.500 -0.036
3.164 0.430 2.000 328.000 8.500 -0.688
2.547 0.414 2.000 329.000 8.500 -0.133
2.801 0.445 2.000 330.000 8.500 -0.361
3.061 0.754 2.000 331.000 8.500 0.963
3.048 0.664 2.000 332.000 8.500 1.422
0.527 1.332 2.000 333.000 8.500 -0.043
1.244 0.848 2.000 334.000 8.500 0.073
0.539 0.781 2.000 335.000 8.500 -0.040
1.342 0.766 2.000 336.000 8.500 0.345
0.484 2.059 2.000 337.000 8.500 -0.033
1.556 0.730 2.000 338.000 8.500 0.576
2.145 0.438 2.000 339.000 8.500 -0.456
2.448 0.316 2.000 340.000 8.500 -0.768
2.189 0.371 2.000 341.000 8.500 -0.680
1.575 0.328 2.000 342.000 8.500 -0.282
2.365 0.445 2.000 343.000 8.500 -0.329
2.769 0.418 2.000 344.000 8.500 -0.703
2.827 0.371 2.000 345.000 8.500 -0.888
2.235 0.355 2.000 346.000 8.500 -0.520
2.144 0.414 2.000 347.000 8.500 -0.132
2.295 0.379 2.000 348.000 8.500 -0.066
1.577 0.297 2.000 349.000 8.500 -0.047
1.759 0.816 2.000 350.000 8.500 0.338
1.960 0.746 2.000 351.000 8.500 0.687
2.140 0.707 2.000 352.000 8.500 1.020
2.212 0.336 2.000 353.000 8.500 -0.312
1.980 0.820 2.000 354.000 8.500 0.166
2.193 0.801 2.000 355.000 8.500 0.579
2.433 0.734 2.000 356.000 8.500 0.998
6.890 0.512 2.000 357.000 9.000 -1.897
6.480 0.531 2.000 363.000 9.000 -1.624
7.049 0.500 2.000 364.000 9.000 -2.048
7.138 0.500 2.000 379.000 9.000 -2.091
7.019 0.461 2.000 381.000 9.000 -2.032
6.669 0.508 2.000 382.000 9.000 -1.756
5.345 0.480 2.000 395.000 9.000 -0.884
5.313 0.555 2.000 396.000 9.000 -0.494
5.753 0.551 2.000 398.000 9.000 -0.940
5.812 0.551 2.000 402.000 9.000 -0.880
6.559 0.527 2.000 403.000 9.000 -1.519
6.938 0.512 2.000 405.000 9.000 -1.937
6.315 0.539 2.000 422.000 9.000 -1.383
6.883 0.461 2.000 423.000 9.000 -1.950
6.922 0.449 2.000 425.000 9.000 -1.986
6.536 0.508 2.000 426.000 9.000 -1.658
3.729 0.543 2.000 436.000 9.000 -0.351
4.641 0.547 2.000 442.000 9.000 -0.342
7.094 0.484 2.000 443.000 9.000 -2.081
4.929 0.555 2.000 444.000 9.000 -0.666
6.182 0.500 2.000 445.000 9.000 -1.421
7.139 0.508 2.000 448.000 9.000 -2.084
5.804 0.492 2.000 449.000 9.000 -1.172
5.909 0.496 2.000 462.000 9.000 -1.255
7.142 0.508 2.000 466.000 9.000 -2.084
6.626 0.520 2.000 467.000 9.000 -1.791
6.489 0.398 2.000 595.000 8.686 -0.132
6.761 0.391 2.000 596.000 8.686 -0.119
6.264 0.398 2.000 597.000 8.686 -0.134
6.410 0.387 2.000 598.000 8.686 -0.111
6.170 0.398 2.000 599.000 8.686 -0.136
6.065 0.383 2.000 600.000 8.686 -0.108
6.281 0.387 2.000 601.000 8.686 -0.106
5.362 0.371 2.000 602.000 8.686 -0.089
6.183 0.391 2.000 603.000 8.686 -0.114
4.606 0.363 2.000 604.000 8.686 -0.083
6.147 0.391 2.000 605.000 8.686 -0.114
4.342 0.363 2.000 606.000 8.686 -0.081
4.856 0.367 2.000 607.000 8.686 -0.085
3.285 0.348 2.000 608.000 8.686 -0.071
5.462 0.375 2.000 609.000 8.686 -0.095
2.737 0.344 2.000 610.000 8.686 -0.066
5.451 0.383 2.000 611.000 8.686 -0.103
2.589 0.340 2.000 612.000 8.686 -0.064
3.162 0.293 2.000 613.000 8.686 -0.046
2.053 0.273 2.000 614.000 8.686 -0.041
4.047 0.301 2.000 615.000 8.686 -0.049
1.794 0.262 2.000 616.000 8.686 -0.039
4.620 0.301 2.000 617.000 8.686 -0.048
1.713 0.258 2.000 618.000 8.686 -0.038
1.332 0.285 2.000 619.000 8.686 -0.040
1.120 0.363 2.000 620.000 8.686 -0.034
1.651 0.301 2.000 621.000 8.686 -0.044
1.012 0.355 2.000 622.000 8.686 -0.032
1.756 0.312 2.000 623.000 8.686 -0.047
0.944 0.352 2.000 624.000 8.686 -0.031
1.344 0.281 2.000 625.000 8.686 -0.025
1.025 0.258 2.000 626.000 8.686 -0.023
1.371 0.293 2.000 627.000 8.686 -0.026
0.901 0.379 2.000 628.000 8.686 -0.022
1.297 0.301 2.000 629.000 8.686 -0.026
0.873 0.375 2.000 630.000 8.686 -0.022
1.108 0.160 2.000 631.000 8.686 -0.023
0.847 0.234 2.000 632.000 8.686 -0.021
1.368 0.180 2.000 633.000 8.686 -0.025
0.749 0.148 2.000 634.000 8.686 -0.021
1.468 0.188 2.000 635.000 8.686 -0.026
0.711 0.250 2.000 636.000 8.686 -0.021
6.996 0.402 2.000 637.000 8.769 -0.144
5.858 0.387 2.000 638.000 8.769 -0.121
7.043 0.402 2.000 639.000 8.769 -0.153
5.038 0.379 2.000 640.000 8.769 -0.111
7.017 0.406 2.000 641.000 8.769 -0.156
4.755 0.379 2.000 642.000 8.769 -0.107
6.980 0.406 2.000 643.000 8.769 -0.158
4.635 0.375 2.000 644.000 8.769 -0.105
6.018 0.387 2.000 645.000 8.769 -0.111
4.385 0.367 2.000 646.000 8.769 -0.090
6.540 0.395 2.000 647.000 8.769 -0.122
3.702 0.359 2.000 648.000 8.769 -0.083
6.575 0.395 2.000 649.000 8.769 -0.126
3.523 0.355 2.000 650.000 8.769 -0.080
6.630 0.395 2.000 651.000 8.769 -0.125
3.429 0.352 2.000 652.000 8.769 -0.079
4.225 0.367 2.000 653.000 8.769 -0.091
2.698 0.348 2.000 654.000 8.769 -0.073
5.175 0.379 2.000 655.000 8.769 -0.104
2.282 0.340 2.000 656.000 8.769 -0.067
5.430 0.387 2.000 657.000 8.769 -0.112
2.168 0.336 2.000 658.000 8.769 -0.065
5.380 0.391 2.000 659.000 8.769 -0.118
2.115 0.336 2.000 660.000 8.769 -0.063
2.974 0.289 2.000 661.000 8.769 -0.050
1.954 0.266 2.000 662.000 8.769 -0.043
3.890 0.301 2.000 663.000 8.769 -0.054
1.716 0.254 2.000 664.000 8.769 -0.040
4.486 0.305 2.000 665.000 8.769 -0.054
1.648 0.254 2.000 666.000 8.769 -0.039
4.885 0.305 2.000 667.000 8.769 -0.054
1.628 0.250 2.000 668.000 8.769 -0.039
1.176 0.289 2.000 669.000 8.769 -0.046
1.012 1.734 2.000 670.000 8.769 -0.039
1.542 0.305 2.000 671.000 8.769 -0.051
0.980 1.727 2.000 672.000 8.769 -0.037
1.711 0.312 2.000 673.000 8.769 -0.054
0.961 1.727 2.000 674.000 8.769 -0.037
1.782 0.320 2.000 675.000 8.769 -0.056
0.946 1.727 2.000 676.000 8.769 -0.037
10.389 0.426 2.000 677.000 8.887 -0.217
8.649 0.414 2.000 678.000 8.887 -0.181
10.507 0.430 2.000 679.000 8.887 -0.230
7.446 0.406 2.000 680.000 8.887 -0.166
10.467 0.430 2.000 681.000 8.887 -0.234
7.027 0.402 2.000 682.000 8.887 -0.161
10.415 0.430 2.000 683.000 8.887 -0.238
6.860 0.402 2.000 684.000 8.887 -0.158
8.850 0.410 2.000 685.000 8.887 -0.166
6.418 0.391 2.000 686.000 8.887 -0.135
9.674 0.418 2.000 687.000 8.887 -0.184
5.446 0.383 2.000 688.000 8.887 -0.124
9.761 0.422 2.000 689.000 8.887 -0.189
5.186 0.383 2.000 690.000 8.887 -0.121
9.829 0.422 2.000 691.000 8.887 -0.188
5.050 0.379 2.000 692.000 8.887 -0.119
6.235 0.395 2.000 693.000 8.887 -0.137
4.005 0.375 2.000 694.000 8.887 -0.110
7.631 0.406 2.000 695.000 8.887 -0.155
3.392 0.367 2.000 696.000 8.887 -0.100
8.021 0.414 2.000 697.000 8.887 -0.168
3.219 0.363 2.000 698.000 8.887 -0.097
7.994 0.418 2.000 699.000 8.887 -0.177
3.153 0.363 2.000 700.000 8.887 -0.095
4.302 0.320 2.000 701.000 8.887 -0.075
2.833 0.297 2.000 702.000 8.887 -0.064
5.589 0.328 2.000 703.000 8.887 -0.081
2.525 0.289 2.000 704.000 8.887 -0.060
6.463 0.332 2.000 705.000 8.887 -0.082
2.432 0.285 2.000 706.000 8.887 -0.059
7.027 0.332 2.000 707.000 8.887 -0.081
2.373 0.285 2.000 708.000 8.887 -0.058
1.755 0.324 2.000 709.000 8.887 -0.069
1.443 1.750 2.000 710.000 8.887 -0.059
2.286 0.340 2.000 711.000 8.887 -0.076
1.383 1.742 2.000 712.000 8.887 -0.056
2.544 0.348 2.000 713.000 8.887 -0.081
1.354 1.742 2.000 714.000 8.887 -0.055
2.642 0.352 2.000 715.000 8.887 -0.084
1.333 1.742 2.000 716.000 8.887 -0.055
10.140 0.426 2.000 717.000 8.951 -0.223
7.513 0.410 2.000 718.000 8.951 -0.178
10.899 0.430 2.000 719.000 8.951 -0.246
6.384 0.402 2.000 720.000 8.951 -0.161
10.969 0.430 2.000 721.000 8.951 -0.253
6.060 0.398 2.000 722.000 8.951 -0.155
10.983 0.430 2.000 723.000 8.951 -0.257
5.927 0.398 2.000 724.000 8.951 -0.152
10.973 0.434 2.000 725.000 8.951 -0.260
5.850 0.398 2.000 726.000 8.951 -0.150
8.275 0.410 2.000 727.000 8.951 -0.169
5.641 0.387 2.000 728.000 8.951 -0.134
9.637 0.418 2.000 729.000 8.951 -0.191
4.833 0.379 2.000 730.000 8.951 -0.122
9.977 0.422 2.000 731.000 8.951 -0.199
4.595 0.375 2.000 732.000 8.951 -0.118
10.068 0.422 2.000 733.000 8.951 -0.201
4.517 0.375 2.000 734.000 8.951 -0.117
10.167 0.422 2.000 735.000 8.951 -0.200
4.469 0.375 2.000 736.000 8.951 -0.116
5.662 0.395 2.000 737.000 8.951 -0.145
3.572 0.371 2.000 738.000 8.951 -0.115
7.219 0.406 2.000 739.000 8.951 -0.166
3.073 0.363 2.000 740.000 8.951 -0.106
7.868 0.414 2.000 741.000 8.951 -0.180
2.932 0.359 2.000 742.000 8.951 -0.104
8.003 0.418 2.000 743.000 8.951 -0.189
2.878 0.359 2.000 744.000 8.951 -0.103
7.956 0.418 2.000 745.000 8.951 -0.196
2.850 0.359 2.000 746.000 8.951 -0.102
9.711 0.426 2.000 747.000 9.004 -0.228
6.755 0.406 2.000 748.000 9.004 -0.178
10.967 0.434 2.000 749.000 9.004 -0.257
5.756 0.398 2.000 750.000 9.004 -0.162
11.231 0.434 2.000 751.000 9.004 -0.268
5.490 0.395 2.000 752.000 9.004 -0.157
11.302 0.434 2.000 753.000 9.004 -0.273
5.365 0.395 2.000 754.000 9.004 -0.155
11.319 0.434 2.000 755.000 9.004 -0.276
5.318 0.391 2.000 756.000 9.004 -0.154
11.317 0.434 2.000 757.000 9.004 -0.278
5.290 0.391 2.000 758.000 9.004 -0.154
12.680 0.441 2.000 759.000 9.087 -0.305
8.887 0.422 2.000 760.000 9.087 -0.238
14.438 0.445 2.000 761.000 9.087 -0.343
7.584 0.414 2.000 762.000 9.087 -0.216
14.785 0.449 2.000 763.000 9.087 -0.357
7.249 0.414 2.000 764.000 9.087 -0.209
14.892 0.449 2.000 765.000 9.087 -0.364
7.088 0.410 2.000 766.000 9.087 -0.207
14.923 0.449 2.000 767.000 9.087 -0.368
7.022 0.410 2.000 768.000 9.087 -0.206
14.928 0.449 2.000 769.000 9.087 -0.371
6.987 0.410 2.000 770.000 9.087 -0.205
