40
44
406
323
199
38
9
371
126
104
481
22
140
11
129
20
236
130
325
165
146
239
298
238
63
487
31
161
76
376
21
303
317
461
72
339
153
427
415
449
245
235
447
250
328
396
205
89
54
106
266
347
163
242
457
204
189
160
267
475
473
108
102
307
453
201
187
390
459
172
258
231
269
327
6
135
225
399
43
477
167
182
381
75
251
268
355
403
109
378
234
211
484
92
387
488
299
83
116
39
243
152
147
412
340
345
359
134
256
170
93
401
332
275
334
86
391
324
281
274
464
196
113
157
285
311
246
215
121
33
313
220
59
414
223
284
168
229
398
462
8
4
362
0
380
166
330
96
326
79
15
51
438
143
297
150
53
295
361
437
85
365
392
200
465
454
218
210
252
5
305
291
181
354
162
469
419
18
352
213
424
118
233
357
45
132
177
411
426
50
180
192
230
127
300
409
137
107
174
184
264
77
407
363
232
431
351
301
348
335
227
368
467
471
133
3
131
144
148
452
70
333
190
49
155
105
247
55
7
197
255
263
207
68
302
60
169
90
350
320
194
360
336
282
435
485
115
61
26
122
57
489
278
17
28
185
476
430
486
64
450
372
395
468
101
442
156
248
178
66
416
319
279
149
466
356
164
219
260
287
410
308
214
186
480
433
349
62
379
46
366
261
343
23
94
440
373
48
402
273
458
394
67
203
259
244
228
73
98
97
408
226
455
460
338
478
25
158
418
240
123
78
47
280
120
117
421
202
382
262
124
377
270
42
310
374
318
84
111
95
171
221
448
69
463
353
316
34
212
99
136
364
277
265
429
216
289
87
329
80
369
91
288
272
30
309
208
304
474
12
249
444
445
384
52
176
470
16
286
206
271
405
344
451
139
145
428
367
159
179
400
331
