2.257743957042694039e+00
1.854230053424835267e+00
4.565846672058105682e+00
3.694068560600280549e+00
1.049924089431762653e+01
1.357125310897827175e+00
1.604974954605102511e+01
6.446941881179809819e+00
5.008210930824279927e+00
1.181066621780395565e+01
1.230476030349731431e+01
1.154451816558837862e+01
1.199102436065673771e+01
2.859596631526946986e+00
1.108603371620178279e+01
1.464922738075256348e+01
1.266169379234314007e+01
2.862898273468017507e+00
1.449682397842407156e+00
3.470126469135284442e+00
6.529616832733154297e+00
2.561005392074584996e+00
1.161129981040954640e+01
1.345450751781463561e+00
1.247000403404235769e+01
6.330476374626159419e+00
2.233536393642425733e+00
4.091589210033416357e+00
1.897719519138336253e+00
5.450495328903198100e+00
1.387033433914184544e+00
1.410918117761611912e+00
2.982678713798522896e+00
5.122498588562011790e+00
9.862886161804199858e+00
3.795464763641357209e+00
1.372660608291625950e+00
1.147257109642028894e+01
1.564357857704162580e+00
6.721311612129211355e+00
2.916612935066223322e+00
8.526661281585694141e+00
9.420997505187989063e+00
3.677823178768158119e+00
9.505274353027344247e+00
9.401858158111572550e+00
1.578569900512695234e+01
1.237404126167297314e+01
1.721359069347381698e+00
1.608839379549026560e+00
1.318199827671050928e+00
1.306890271902084288e+00
1.399986976385116488e+00
1.601262028694152662e+01
1.000372444152831974e+01
1.044070541858673096e+00
1.330903668403625506e+00
5.781431026458740519e+00
1.671797628402709890e+01
1.647742492675781278e+01
1.611462647438049345e+01
1.338601213693618730e+00
1.436271533966064418e+01
1.265281819343566916e+01
1.113346923828125057e+01
1.425568564414978034e+01
2.389888496398925977e+00
1.264091094017028816e+01
2.513012788295745814e+00
4.955144596099853693e+00
3.520439829826354838e+00
1.469627875089645430e+00
1.436765923500061071e+01
1.137497854232788086e+01
9.766963233947754119e+00
2.588163831233978307e+00
1.577368221282958949e+01
5.221772913932800186e+00
4.663971700668334996e+00
4.889444198608398295e+00
9.763296442031860423e+00
1.558410007476806669e+01
1.269271936416626012e+01
5.719778647422790741e+00
3.924416787624358971e+00
1.678097599029540987e+01
1.120035696029663086e+01
1.447698881626129142e+00
3.182493476867675586e+00
9.926311101913452006e+00
4.836257929801941025e+00
9.996720981597899680e+00
1.388930501937866158e+00
