6.727751436233520899e+00
5.473833131790160955e+00
4.616612577438354847e+00
5.070103168487548828e+00
1.346612814903259192e+01
3.391221449375152464e+00
5.212736086845398020e+00
4.859369721412658549e+00
2.316687808036804075e+00
4.696420969963074121e+00
1.141798496246337891e+01
1.476045398712158274e+01
2.023671879768371706e+00
1.251398626327514663e+01
8.741346178054810068e+00
1.010917681694030712e+01
1.608562759399413977e+01
5.248257913589477575e+00
1.963635284900665301e+00
3.119673807621002215e+00
1.551791889190673857e+01
8.928955574035644105e+00
1.212513024330139189e+01
2.413017573356628365e+00
2.645198383331298864e+00
8.668725490570068359e+00
1.547366108894348224e+00
1.499278007507324162e+01
8.496573066711425426e+00
6.884490380287170197e+00
9.754128122329712269e+00
1.531119604110717702e+01
1.508872619867324794e+00
1.565009448528289715e+00
9.961028194427489879e+00
1.335663238763809213e+00
1.077171222686767571e+01
6.897024416923523304e+00
1.253239609718322711e+01
2.255979759693145681e+00
1.688002990722656094e+01
1.196611618995666593e+00
1.252155239582061874e+00
3.691325685977935755e+00
1.318946328163147008e+01
1.683951920270919889e+00
7.960338869094848668e+00
7.031155290603638086e+00
3.720652406215667618e+00
1.532462319374084458e+01
1.618476850509643583e+01
2.401947071552276824e+00
4.924512057304382573e+00
2.351920375823974396e+00
1.311180517673492529e+00
1.328167984008789126e+01
1.478483826637268095e+01
1.188544482231140087e+01
3.796388621330261337e+00
1.613850590705871468e+01
9.567726459503173686e+00
5.075061345100403187e+00
6.784260950088500941e+00
1.373457299470901560e+00
1.497898339033126858e+00
2.954305584430694687e+00
8.354706249237061400e+00
5.026388702392577734e+00
9.435944404602050639e+00
4.090230100154876425e+00
1.446757184982299727e+01
6.415670146942138885e+00
1.151442751884460414e+01
1.572090968132019029e+01
1.274961444139480538e+00
8.491916151046753569e+00
6.028986034393310156e+00
1.641054277420044016e+01
1.428989543914794824e+00
4.381839427947998189e+00
1.292212230682373075e+01
2.137970377206802386e+00
3.237057354450225688e+00
4.623701820373534943e+00
1.247433619499206614e+01
9.466873083114624166e+00
3.686813461780547918e+00
3.157111973762512402e+00
3.490449507236480731e+00
4.892226772308349680e+00
3.328682522773742658e+00
9.458350572586059712e+00
1.560278090476989732e+01
