3.349520000000000053e+00
1.316048999999999936e+01
1.254156000000000049e+01
2.592519999999999936e+00
1.323386999999999958e+01
9.681729999999999947e+00
1.563996000000000031e+01
2.667600000000000193e+00
4.846510000000000318e+00
5.025960000000000427e+00
3.853499999999999925e+00
3.612470000000000070e+00
3.308769999999999989e+00
1.395359999999999934e+00
1.034920000000000062e+00
4.443469999999999587e+00
1.502552000000000021e+01
1.547831000000000046e+01
1.335660000000000025e+01
1.809365000000000023e+01
1.412590000000000012e+00
5.952910000000000146e+00
1.481107000000000085e+01
5.775739999999999874e+00
2.920980000000000132e+00
1.264659999999999895e+00
3.265439999999999898e+00
9.897280000000000300e+00
1.852889999999999926e+00
2.144680000000000142e+00
5.677929999999999922e+00
1.678440000000000154e+01
4.878849999999999909e+00
1.205459999999999976e+00
1.148206000000000060e+01
9.732390000000000541e+00
3.217379999999999907e+00
1.287048000000000059e+01
1.605966000000000093e+01
1.121715000000000018e+01
1.901200000000000001e+00
2.500529999999999919e+00
3.575470000000000148e+00
3.080259999999999998e+00
4.949589999999999712e+00
1.471086000000000027e+01
2.445289999999999964e+00
1.342422000000000004e+01
1.183362999999999943e+01
1.189916999999999980e+01
4.222229999999999706e+00
6.049750000000000405e+00
2.947480000000000100e+00
2.635800000000000143e+00
1.116707000000000072e+01
9.750220000000000553e+00
1.021554000000000073e+01
1.448039999999999949e+01
4.298869999999999969e+00
8.131019999999999470e+00
2.962349999999999817e+00
1.025238000000000049e+01
2.743770000000000042e+00
1.369796000000000014e+01
3.600480000000000125e+00
9.519819999999999283e+00
9.644000000000000128e+00
3.562679999999999847e+00
1.037057000000000073e+01
3.326369999999999827e+00
1.147475000000000023e+01
9.005900000000000016e-01
6.798420000000000130e+00
1.495175000000000054e+01
1.471813000000000038e+01
1.645230000000000103e+01
4.249929999999999986e+00
3.433749999999999858e+00
1.317479999999999984e+00
1.044045000000000023e+01
3.155390000000000139e+00
9.817909999999999471e+00
1.645211000000000112e+01
1.366755000000000031e+01
1.426722999999999963e+01
1.822880000000000056e+00
6.678679999999999950e+00
1.468759000000000015e+01
1.375145000000000017e+01
5.352149999999999963e+00
4.428149999999999586e+00
1.349468000000000067e+01
9.309380000000000877e+00
