2.571180636882782089e+00
1.269615756988525312e+01
1.126251438140869077e+01
2.431915204524993879e+00
1.308156174659728954e+01
9.560399217605590749e+00
1.497976229667663617e+01
2.138951945304870428e+00
4.741610932350158514e+00
5.023856191635132085e+00
3.439013202190399188e+00
4.382414360046386292e+00
2.426378657817840789e+00
1.243047698736190698e+00
1.478816204071044860e+00
4.461420078277587464e+00
1.444128529548645012e+01
1.482496062278747573e+01
1.282466116905212417e+01
1.744755502700805749e+01
1.405201802253723153e+00
5.826603631973267028e+00
1.427493584632873613e+01
5.094500041007995250e+00
2.016935642957687236e+00
1.246654623746871859e+00
3.065982186794280917e+00
9.376086683273316069e+00
1.387760945558548009e+00
1.545556862354278582e+00
5.590947666168212926e+00
1.597202113151550229e+01
4.217842864990234197e+00
1.251717283725738428e+00
1.068018423080444279e+01
9.629587860107422514e+00
2.647567169666290354e+00
1.255772751808166454e+01
1.530020209312439050e+01
1.015542112350463810e+01
1.501989350318908789e+00
1.851321004629135070e+00
2.632637693881988650e+00
3.652804257869720406e+00
4.494963760375976669e+00
1.422555007934570348e+01
1.996076887845993131e+00
1.273671517372131312e+01
1.073484717369079533e+01
1.062140289306640639e+01
2.960077211856841917e+00
5.447461242675781357e+00
2.491312203407287651e+00
2.561196546554565412e+00
1.075944587707519595e+01
9.477347631454467347e+00
9.659590597152709179e+00
1.404938972473144609e+01
3.043734600543976043e+00
7.113625173568725479e+00
1.832436512708663923e+00
9.547658462524413636e+00
1.837699207067489571e+00
1.306747394561767628e+01
2.828638749122619700e+00
9.578787803649902344e+00
9.428406085968017436e+00
3.030542783737182777e+00
1.021285205841064503e+01
3.150164358615875404e+00
1.194289291381836016e+01
1.219737130403518721e+00
6.252115988731384633e+00
1.452817926406860316e+01
1.421878794670104895e+01
1.578093162536621108e+01
3.256525669097900533e+00
3.515207076072692782e+00
1.284225172996521058e+00
9.964459009170532511e+00
3.249539899826049627e+00
9.364472093582152823e+00
1.595703881263732882e+01
1.303685515403747530e+01
1.376455799102783217e+01
1.871412311792373551e+00
6.121821990013122772e+00
1.401355395317077601e+01
1.313524798393249426e+01
5.275694665908813086e+00
4.348938555717468013e+00
1.269744019508361887e+01
9.131543436050414186e+00
