1.527340444564819322e+01
1.614050050735473718e+01
1.091726271510124135e+00
1.848632416725158656e+00
3.613748662471771400e+00
3.454519500732422088e+00
4.417912912368774592e+00
5.477385525703430069e+00
1.625637441873550415e+00
1.250339664220809999e+00
1.304161064147949212e+01
3.166751880645751971e+00
2.495900349617004466e+00
2.846920342445373731e+00
3.072975068092345996e+00
1.427670818567275957e+00
1.370404742956161437e+00
1.028184007644653342e+01
1.595934472084045375e+01
3.973940720558166717e+00
1.355090663909912152e+01
1.509421731948852496e+01
1.287473995208740263e+01
6.054629831314087163e+00
1.639360570907592773e+01
6.158232278823852823e+00
1.574008715152740434e+00
5.128186306953430140e+00
1.444362299919128390e+01
3.570867030620574756e+00
2.998509769439697159e+00
1.485042052268982005e+00
3.550100660324096769e+00
1.565668013572692807e+01
1.625928155899048022e+01
8.399341640472412607e+00
1.394324689865112354e+01
1.700796496868133501e+00
1.309651156663894644e+00
8.810806980133056854e+00
4.360514593124389826e+00
1.035550701141357344e+01
1.969480024576187205e+00
1.301174571514129630e+00
4.678098044395446742e+00
5.811457557678222585e+00
1.407380373477935764e+00
1.983264725208282453e+00
5.241918373107909979e+00
3.438686389923095721e+00
9.890358171463013548e+00
6.428964018821716309e+00
4.953314685821533558e+00
1.517199913024902358e+01
1.439861339330673173e+00
1.042839586257934492e+01
5.510212483406067285e+00
1.657269180297851463e+01
8.052068662643431907e+00
1.780021368265152004e+00
1.745386067628860394e+00
9.833425292968749787e+00
1.345606447458267185e+00
1.598434504508972154e+01
5.612654652595519877e+00
1.370201829910278235e+01
1.304995553970336886e+01
3.124385864734649854e+00
1.576066831588745032e+01
1.663615003824234106e+00
2.527973582744598602e+00
1.000500725746154806e+01
9.255482282638549663e+00
2.221309316158294855e+00
1.052128081321716380e+01
1.017128266096115174e+00
1.644031953811645508e+01
1.205459358692169136e+00
4.949264140129089107e+00
3.033306181430816650e+00
1.317313607215881355e+01
9.505447502136229687e+00
1.920660464763641384e+00
1.582971607208251896e+01
4.146078794002533208e+00
1.365357515335083072e+01
1.105323642730712841e+01
8.612785463333130664e+00
2.422828211784362917e+00
1.905628091096878141e+00
1.547089008092880302e+00
2.023657915592193657e+00
4.491484441757202184e+00
