1.185923729896545353e+01
1.364012053489684995e+01
4.140248608589172541e+00
1.265884534835815423e+01
1.410198888778686488e+01
2.486584923267364466e+00
1.320082680702209466e+01
1.412002754211425737e+00
2.537380063533782870e+00
1.082005983352661183e+01
1.218490560531616218e+01
4.706487860679626323e+00
1.131172413825988698e+01
6.535723004341125630e+00
1.368761943578720164e+00
1.374745804071426436e+00
1.145880798101425180e+00
1.274625546932220521e+00
2.138576054573058993e+00
3.212829203605652051e+00
1.239112633466720625e+00
5.400935564041137837e+00
1.447008253097534158e+01
5.802663121223449849e+00
1.568039683103561455e+00
1.464837957620620745e+00
1.431788820028305098e+00
6.572941918373107484e+00
1.199779219627380300e+01
6.585563483238220606e+00
1.572359961271285966e+00
1.145761689543724149e+00
1.145593353509902990e+00
5.673547935485840021e+00
1.073160323143005357e+01
6.762393865585327291e+00
1.283716006278991628e+01
2.154828937053680615e+00
4.085535666942596400e+00
2.144979925155639844e+00
4.369931201934814879e+00
1.588501298904419023e+01
2.616471891403198136e+00
1.409701163291931181e+01
1.551574272155761669e+01
1.850536363124847483e+00
6.158255019187927282e+00
1.394903455734252873e+01
3.717709932327270650e+00
1.303168463706970215e+01
4.096011791229248189e+00
1.402881118774414126e+01
1.391871423721313406e+01
2.904208819866180402e+00
8.378780689239501811e+00
1.775540552139282369e+01
1.509731331825256362e+01
2.738026075363159340e+00
1.285305291175842335e+01
1.498509189605712955e+01
3.332107877731323331e+00
5.649410295486450018e+00
1.294690330505371101e+01
1.190593903541564913e+01
9.823584041595459837e+00
1.613640033006668029e+00
4.984991226196289205e+00
3.931352581977844096e+00
3.877868707180023300e+00
5.795944437980652175e+00
1.232727422714233434e+01
2.475435202121734513e+00
3.378665213584899796e+00
2.661706187725067174e+00
1.356248553991317829e+00
9.892013149261474680e+00
6.654954905509948837e+00
3.771513357162475710e+00
1.206037364006042445e+01
6.073650217056274059e+00
1.629822771072387866e+01
1.593597013473510771e+01
1.433969057083129961e+01
8.779568548202513867e+00
1.724678938388824356e+00
1.418198928833007777e+01
1.176757804870605462e+01
4.853694677352905273e+00
1.557582428932189877e+01
1.832734131813049228e+00
2.957669360637664724e+00
5.003416414260864364e+00
1.725396027565002433e+00
