629
740
269
691
736
186
742
103
235
666
663
254
667
597
200
102
183
105
135
120
39
346
732
632
154
167
129
339
662
245
198
43
131
240
645
347
689
166
299
145
266
769
293
699
748
232
344
756
220
744
329
755
758
234
628
760
709
337
669
730
295
345
710
660
607
23
325
352
331
340
612
287
332
229
202
617
261
319
653
348
763
766
685
448
175
753
716
314
739
147
267
328
206
707
701
54
196
224
126
292
285
128
116
642
248
223
311
335
156
111
445
727
282
652
695
618
283
768
305
203
636
754
333
298
208
247
726
686
631
704
132
3
600
255
382
162
2
330
257
213
182
309
121
602
303
259
729
101
381
350
764
596
219
173
674
107
722
277
671
654
222
724
149
194
422
611
236
647
172
684
52
281
127
619
443
204
747
276
719
604
605
165
197
210
130
317
246
241
316
634
648
228
323
264
187
318
664
717
178
677
598
379
682
290
207
251
696
601
627
215
122
603
150
698
395
262
609
745
25
7
651
1
668
260
620
190
715
170
59
142
721
237
630
244
144
705
720
134
351
177
41
708
678
613
294
737
405
312
304
163
22
289
643
336
423
275
697
256
606
703
85
641
307
765
212
327
646
136
226
271
712
633
141
274
286
324
221
449
693
231
201
268
278
363
168
692
599
326
714
640
638
658
321
657
749
621
227
6
225
238
242
665
161
623
284
140
249
199
341
146
24
291
349
357
301
159
608
151
263
184
639
626
288
676
444
718
656
209
152
109
216
148
770
426
76
115
279
762
713
767
155
733
661
681
752
195
725
250
342
272
157
700
625
436
243
728
258
313
354
466
694
614
308
280
761
655
153
137
672
355
649
106
188
723
679
139
687
403
741
158
297
353
338
322
164
192
191
320
738
743
644
759
108
252
702
334
217
169
138
442
214
211
296
688
356
218
683
396
133
616
680
624
176
205
189
265
315
731
160
746
659
622
125
306
193
230
670
425
364
735
310
595
180
635
171
675
185
467
402
119
615
302
610
47
343
750
751
690
143
270
71
462
300
398
711
650
757
233
239
734
673
253
273
706
637
