3.694199999999999928e+00
1.900634000000000157e+01
6.839179999999999815e+00
8.287900000000000267e-01
1.871264000000000038e+01
3.838970000000000216e+00
1.296246999999999971e+01
5.636269999999999669e+00
9.581699999999999662e-01
1.783719999999999972e+00
6.369650000000000034e+00
4.870250000000000412e+00
2.188180000000000014e+00
1.419629999999999947e+00
3.079330000000000123e+00
7.812700000000000200e-01
1.598460000000000036e+01
2.064430000000000209e+00
9.141989999999999839e+00
1.412798000000000087e+01
4.725880000000000081e+00
2.051352999999999938e+01
1.077679999999999971e+00
1.423910000000000009e+00
1.466666999999999987e+01
6.241859999999999964e+00
5.539800000000000280e-01
8.937199999999999589e-01
6.235100000000000087e-01
3.673109999999999875e+00
3.048789999999999889e+00
1.016780000000000017e+00
8.368790000000000617e+00
6.240800000000000125e+00
9.855700000000000571e+00
1.982059999999999933e+00
3.040589999999999904e+00
5.794839999999999769e+00
4.731650000000000134e+00
1.507020000000000026e+00
8.521910000000000096e+00
1.030710999999999977e+01
1.315753999999999913e+01
5.582500000000000240e-01
8.555199999999999472e-01
1.078009999999999913e+00
5.964089999999999669e+00
2.150729999999999809e+00
1.558824000000000076e+01
1.632370000000000099e+00
7.025699999999999612e+00
3.348640000000000061e+00
1.308728999999999942e+01
1.394099999999999895e+00
2.268780000000000019e+00
4.883199999999999763e-01
3.837089999999999890e+00
1.143154000000000003e+01
4.538330000000000197e+00
3.595310000000000006e+00
5.230109999999999815e+00
2.438180000000000014e+00
9.407560000000000144e+00
3.287450000000000205e+00
6.976449999999999818e+00
9.356400000000000272e-01
7.872069999999999901e+00
8.343599999999999905e-01
9.157090000000000174e+00
4.256850000000000023e+00
9.355599999999999472e-01
9.469939999999999358e+00
2.949339999999999851e+00
8.045730000000000715e+00
1.956125000000000114e+01
1.511910000000000087e+00
5.677880000000000038e+00
1.925897000000000148e+01
1.158497999999999983e+01
1.076529000000000025e+01
2.331859999999999822e+00
3.197769999999999779e+00
1.915262999999999849e+01
1.388940000000000063e+00
2.826950000000000074e+00
5.532339999999999591e+00
4.690000000000000391e+00
1.222437000000000040e+01
3.997199999999999864e+00
9.319200000000000372e+00
8.916899999999999826e-01
8.159800000000000386e-01
5.862079999999999735e+00
8.197010000000000574e+00
1.639969999999999928e+00
1.559150000000000036e+00
1.861807999999999907e+01
6.659480000000000288e+00
