1.422423858642578054e+01
1.073860353469848583e+01
1.348004244804382346e+01
4.351872477531433248e+00
1.050524473786354163e+00
1.137674677848815996e+01
1.853719676733017074e+00
1.169248280525207484e+01
4.131559698581695805e+00
1.143752818107604874e+00
1.061270078420639029e+00
6.884103355407714453e+00
2.466557500362396294e+00
1.451049845695495577e+01
7.205367655754089107e+00
9.652345854043961060e-01
1.338709752082824700e+01
2.399805105209350486e+01
8.776761823892593739e-01
6.431076908111572621e-01
9.788882452249526578e-01
1.618029569387435807e+00
2.276066908836364533e+00
5.816345968246459996e+00
5.737185769081115438e+00
1.011297457218170104e+00
9.198132556676864580e-01
2.619525084495544220e+00
1.438008482933044441e+01
7.316777563095092418e+00
1.485596875190734778e+01
4.025975697040557577e+00
5.902396950721740865e+00
2.449932229518890558e+00
3.614942193031311035e+00
1.881230089187621957e+01
5.316279196739197133e+00
5.348888311386108541e+00
1.125419559478759801e+01
1.038448762893676713e+00
7.811539095640182007e-01
7.025133948326111266e+00
5.804419388771057342e+00
8.599597883224486594e+00
1.203756946325302168e+00
9.848662978410720470e-01
7.730190956592559726e-01
6.329257841110229599e+00
3.019582338333129723e+00
2.016834263801574600e+00
2.717204697132110436e+00
2.588090050220489324e+00
5.128438587188720810e+00
7.854920673370361373e-01
8.296173667907714488e+00
7.779685530662536763e+00
1.148437343597412053e+01
6.650104684829711843e+00
9.497311439514160014e+00
1.102859871864318819e+01
9.857926118373870894e-01
2.609438357353210503e+00
8.305936527252196555e+00
1.272460865020751974e+01
8.840120439529419727e+00
1.168192170858383117e+00
2.720220520496368533e+00
8.480555695295334262e-01
5.132343416213989151e+00
8.663129991292953802e-01
1.167132036685943675e+00
5.816640787124633505e+00
5.207652449607849121e+00
1.172831085205078061e+01
3.225946450233459384e+00
1.112393832206726074e+01
9.923842275142669145e-01
2.758239815235137726e+00
2.683584189414978116e+00
9.756366853713990039e+00
2.850325644016265869e+00
8.879223747253417898e+00
3.266958835124969429e+00
5.392910079956054759e+00
9.894514948129653487e-01
2.653008787631988330e+00
9.629392653703690019e-01
3.753637533187866193e+00
9.731181468963622905e+00
2.042814629077911448e+00
4.268286952972411896e+00
2.663849003314971764e+00
1.667114196777343693e+01
1.255865459442138743e+01
1.225236431121826186e+01
1.116303920149803064e+00
3.628751080036163312e+00
2.950787806510925204e+00
