1.194137291908264231e+00
6.896730750799179299e-01
1.627180082321167021e+01
9.726486845016479421e+00
2.094655709266662669e+00
1.010063903927802986e+00
1.352885725498199410e+00
7.850151190757751252e+00
2.308360891342163157e+00
8.542117494344710904e-01
1.382449884414672781e+01
1.009710161685943630e+00
3.508289790153503507e+00
1.336253359317779443e+00
7.220604127645492420e-01
1.000210055112838781e+00
2.632744359970092596e+00
3.731880531311035032e+00
9.211768836975098296e+00
2.055233196020126218e+00
1.018760756850242588e+00
6.347964711189270304e+00
9.862802906036376882e+00
6.373010835647582972e+00
9.656815969944000377e-01
1.316899429321289006e+01
8.470901328325272095e-01
1.295445443391799900e+00
9.476690018177031938e-01
1.121360246658325188e+01
9.571023100614547419e-01
9.253651695251464915e+00
1.234829130172729528e+01
7.355145401954651163e+00
1.272991623878479084e+00
3.493223354816436643e+00
1.391641045808792221e+00
7.097990255355835387e+00
8.172705931663513113e+00
9.863908224105834677e+00
4.291752724647522221e+00
2.817860100269317769e+00
1.108245894432067935e+01
1.492384377717971722e+00
1.084981300354003864e+01
1.823280664443969812e+01
1.975016641616821333e+00
8.671902960538864225e-01
1.879984736442565918e+00
8.799408555030823198e-01
1.571788693666458236e+00
2.725190005302429164e+00
1.085794389247894287e+00
1.440810837745666539e+00
8.561699419021605806e+00
5.681174941062927530e+00
4.103180737495422115e+00
1.631863620281219562e+00
2.722484543323516970e+00
1.106502331733703670e+01
1.110835356712341238e+01
1.016954969167709333e+00
8.662697166204452737e-01
9.364277191162109659e+00
9.509912061691284890e+00
1.529040378332138017e+00
4.197547669410705673e+00
5.497669014930725240e+00
7.587395224571228169e+00
5.785622506141662846e+00
1.753395905494689933e+00
6.207318387031555140e+00
1.460732179880142256e+00
7.545131855010986044e+00
8.342026627063751087e-01
8.260122752189635875e-01
1.911692085266113228e+00
1.355271533012390073e+01
7.886143952608108965e-01
1.105211327552795453e+01
1.600152516365051181e+00
1.644294621944427437e+00
6.576432709693908585e+00
1.310087705850601303e+00
5.191633162498473730e+00
1.849915698766708472e+00
2.533432886600494260e+00
1.290627745628356848e+01
8.927027547359466242e-01
1.152168361663818352e+01
2.731457726955413889e+00
6.095161004066467214e+00
2.630790599822998033e+01
3.683391051292419505e+00
5.559064784049987828e+00
2.663196517944335895e+01
9.279778137207031818e+00
3.865817551612853897e+00
