8.793550014495850053e-01
1.034102268218994203e+00
5.890441780090331925e+00
1.165120204687118521e+00
7.858737111091613770e-01
1.162508800506591733e+01
5.349925360679626429e+00
2.948641974925994891e+00
1.040842123985290613e+01
2.409990322589874445e+00
1.698120075464248702e+00
6.217376642227172567e+00
8.145383143424987926e-01
1.277300900459289501e+01
8.292936830520629243e+00
5.830222916603088557e+00
1.041904492378234792e+01
7.578412598371505604e-01
2.371483287811279261e+00
1.199235018730163560e+01
3.444301452636718608e+00
5.812699398994445765e+00
1.476586510658264118e+01
3.918388187885284424e+00
9.021808850765228316e-01
1.331923198699951127e+00
4.379067244529724512e+00
8.808299274444580718e+00
2.274712982177734322e+00
2.413406500816345002e+00
2.849433245658874458e+00
7.319002938270569025e-01
9.657806129455567046e+00
3.428766157627105571e+00
9.052593237161636885e-01
1.358216605186462367e+01
2.002936403751373273e+00
5.181238241195678995e+00
1.078710351586341876e+00
5.824530892372131063e+00
1.855119085311889648e+01
1.451576113700866699e+01
7.990600353479385687e-01
7.630307865142822443e-01
1.393683605194091868e+01
7.960316395759582386e-01
7.979675040245056472e+00
1.759796553850173861e+00
1.099148705482482846e+01
9.161098569631576094e-01
9.391514987945557280e+00
1.144788627624511612e+00
1.049160972833633521e+00
1.755719966888427797e+00
1.884488731384277216e+01
1.299963654279708836e+00
1.008393818855285673e+01
9.629537206888199030e-01
1.814560660123825109e+00
9.372451772689819549e+00
1.000746737480163517e+01
1.359238683700561445e+01
3.937291817665100169e+00
9.286681690216063600e+00
5.681691961288452219e+00
6.497169156074523499e+00
7.294768528938293528e+00
1.660513597488403192e+01
1.479266496896743721e+00
2.393957567214965998e+00
1.446541907787322945e+00
7.530168968439102661e-01
8.984469499588012553e+00
9.404172697067259890e+00
5.367478575706481791e+00
3.617208809852600293e+00
1.183933622837066713e+00
1.131738250732421847e+01
7.613946352005005025e+00
1.170592573881149345e+00
3.447173995971679616e+00
5.281982326507568715e+00
1.636972269058227525e+01
2.059164333343505682e+00
5.802185788154601731e+00
1.141016950607299840e+01
7.105391156673431796e-01
3.218361885547638135e+00
3.335559012889862007e+00
1.007199002265930154e+01
1.740227136611938619e+01
1.643590399026870763e+00
2.234743497371673548e+00
4.270659456253051545e+00
2.188860030174255566e+00
1.480104722976684606e+00
9.989385709762572674e+00
1.028768373489379861e+01
