8.303401613235473766e-01
9.233768612146378008e-01
5.752394857406616602e+00
3.394384651184081836e+00
1.577225946187972960e+00
2.027837617397308279e+00
1.057159929275512766e+01
9.946071376800537323e+00
2.097396385669708430e+00
3.776193299293518102e+00
2.232394995689392037e+00
9.177331848144531179e+00
4.977748565673827841e+00
6.053958616256713832e+00
2.279749178886413485e+00
1.210098587036132756e+01
1.222416146278381355e+01
1.085913970947265561e+01
8.999639624357222978e-01
8.514298284053802846e-01
8.214800155162811368e-01
1.370679690837860010e+00
1.226413570642471251e+00
1.627014745712280330e+01
1.298500734567642256e+00
6.687235331535339000e+00
3.685854814052581752e+00
7.630142885446548062e-01
1.477087478637695295e+00
2.471399471759796018e+00
6.064259510040283629e+00
1.910839459896087611e+00
1.227864634394645771e+00
2.381409728527069003e+00
6.075422840118408274e+00
1.414386467933654856e+00
6.177047181129455389e+00
1.225704495906829727e+00
8.766533641815184907e+00
9.616257756948470847e-01
5.795077686309814347e+00
3.562110595703125160e+00
3.106736328601837016e+00
1.136440453529357875e+01
4.736521291732787908e+00
1.352635281562805147e+01
1.142579300880432136e+01
1.994423866271972656e+00
3.599382209777831854e+00
1.290270877838134744e+01
9.337944000959396140e-01
1.059756745696067703e+00
9.333235031366348133e-01
1.002778804302215665e+00
1.125158511400222716e+00
1.278220064163208036e+01
5.269652233123779617e+00
9.987855863571166726e-01
9.967359870672225508e-01
3.479896941184997594e+00
1.962063062667846580e+01
6.836467218399048029e+00
2.528880271911621236e+01
1.131887878179550277e+00
1.614345103263854853e+01
8.902546701431274911e+00
2.389412443637847883e+00
1.848655019760131779e+01
1.717803583145141699e+00
1.915247175216674691e+01
1.397132622003555369e+00
1.427530659437179494e+00
1.889828262329101616e+00
1.031916525959968522e+00
1.396429365158081026e+01
1.152660867691040103e+01
5.604643430709838725e+00
8.280249720811844183e-01
1.642039791107177749e+01
1.297643693923950181e+01
8.943654608726501198e-01
5.119939875602722346e+00
6.230516705513000630e+00
1.568117542266845632e+00
1.603090432167053336e+01
8.761871070861817046e+00
2.475566866397857613e+00
3.180122795104980415e+00
2.232009542465209861e+01
3.652611386775970637e+00
2.625113689899444491e+00
1.942509618997573906e+00
5.670636987686156871e+00
8.068007493019103693e-01
1.205368480682373011e+01
6.353726496696472381e+00
2.808898510932922310e+00
9.423095881938934326e-01
