4.004255113601684180e+00
1.897931158065795998e+01
6.716897888183593679e+00
8.201238000392914174e-01
1.856335157394409308e+01
4.010878798961639013e+00
1.266143018722534208e+01
5.733206915855407537e+00
8.804538249969482422e-01
1.363657834529876656e+00
6.079146337509155451e+00
5.013535399436950257e+00
2.213664526939392196e+00
1.151580988168716457e+00
2.605980956554412753e+00
8.529850912094115722e-01
1.589389049530029219e+01
1.372785813808441224e+00
8.986847381591797301e+00
1.381130915641784718e+01
4.637633047103881800e+00
1.967026176452636577e+01
8.550164932012558339e-01
1.333302341699600158e+00
1.436609328269958574e+01
6.055851988792419149e+00
7.323339736461639271e-01
8.997123372554779452e-01
6.813746410608291226e-01
4.400385222434997523e+00
2.484170522689819194e+00
8.906092178821564120e-01
7.638449983596801829e+00
6.044016337394714000e+00
9.776746683120727255e+00
1.983942958116531319e+00
2.719428489208221222e+00
5.693852601051330176e+00
5.097389507293700994e+00
1.101267675757408249e+00
8.550815620422362429e+00
1.003986817359924366e+01
1.252063070297241154e+01
7.722790110111236173e-01
7.775153136253356578e-01
7.782786226272583319e-01
6.390996685028076385e+00
2.157715733051300155e+00
1.564176154136657715e+01
1.164743553996086201e+00
6.986674427986145020e+00
2.426433267593383736e+00
1.255120989799499576e+01
1.119386023283004850e+00
2.203219530582428032e+00
7.929010868072510210e-01
2.711477587223052765e+00
1.121587657928466797e+01
4.457675871849059668e+00
3.587044162750244070e+00
4.344443564414977921e+00
2.565705628395080762e+00
9.391664199829101278e+00
3.225369491577148473e+00
7.028595480918884419e+00
8.250797283649444758e-01
7.779572639465332173e+00
8.357409435510635420e-01
8.865381326675414897e+00
4.124445214271545090e+00
8.297234147787093672e-01
8.990169410705567188e+00
2.285648677349090718e+00
8.065417909622192738e+00
1.953167335510254077e+01
1.211131525039672807e+00
5.639511108398437500e+00
1.925204229354858398e+01
1.114343574523925717e+01
1.149416800498962488e+01
1.844878454208374041e+00
3.270357515811920024e+00
1.913708272933959975e+01
1.187694202065467941e+00
2.785189695358276207e+00
5.202877731323241939e+00
5.269683461189270446e+00
1.159910569190978968e+01
3.828381338119506871e+00
9.142601499557494904e+00
8.146815198659896895e-01
8.627942168712615656e-01
6.110337758064270375e+00
8.120716075897217223e+00
1.298510673046112007e+00
1.191611404418945419e+00
1.854837333679199318e+01
6.952778348922729279e+00
