1.610019342899322581e+00
1.803544194698333714e+00
1.175234956741332937e+01
1.272357076406478882e+00
1.127649551391601612e+01
6.714875268936157049e+00
1.477215924263000524e+00
1.984523694515228254e+00
7.181355113983154403e+00
6.330933909416199157e+00
7.786731224060059020e+00
1.526883313655853280e+00
1.742862410545349183e+00
1.881729571819305447e+00
7.454384860992431250e+00
8.343588390350340944e+00
1.261626975059509270e+01
1.241489493370056074e+01
1.399883320808410581e+01
1.677767477035522425e+00
2.668287823200225617e+00
9.150155410766600994e+00
7.097867732048034561e+00
3.959535176753997909e+00
1.109595410823821959e+00
1.135612280964851450e+00
6.402704858779907582e+00
3.343652439117431818e+00
3.364694185256957848e+00
3.530772175788879252e+00
8.003852176666260476e+00
3.923122799396514981e+00
6.683330330848693990e+00
1.163040210008621234e+00
6.771085548400878729e+00
1.171782962799072259e+01
6.202386674880981055e+00
9.395094907283783048e-01
4.008249065876007045e+00
1.593432637453079170e+00
3.800221791267395233e+00
2.874912581443786586e+00
9.407200021743774343e+00
1.564158762693405258e+00
1.072540743827819831e+01
1.219171374320983858e+01
6.102490239143371298e+00
1.870515328645706132e+00
4.223992486000060609e+00
1.574424906969070337e+00
2.463549511432647776e+00
7.255634808540344594e+00
6.883543901443481161e+00
7.610634918212890732e+00
3.184482090473175209e+00
6.288980875015258931e+00
2.160822445154189975e+00
7.092205862998962829e+00
1.087226423025131172e+00
1.102982824325561495e+01
2.028693618774414009e+00
5.021658668518066193e+00
6.550452747344970739e+00
1.131582292914390608e+00
8.318684072494507475e+00
3.833292012214660538e+00
7.493689489364624201e+00
1.716466206312179610e+00
5.939052953720092454e+00
1.037871078491210852e+01
1.339882946014404386e+00
2.045778683423995936e+00
2.224094240665435596e+00
5.505156679153442312e+00
4.297364892959595117e+00
6.880492563247680771e+00
1.217696087837219210e+01
1.119584292411804149e+01
3.834438195228576873e+00
3.914130470752716029e+00
1.093301638603210435e+01
2.849448814392089968e+00
3.848757140636444252e+00
8.093338632583618519e+00
1.104815112113952580e+01
