1.174835156440734885e+01
2.196053197383880828e+00
3.512898149490356392e+00
1.439892505407333267e+00
5.967142958641051820e+00
1.548118147850036541e+00
1.144911961555481028e+01
7.161581010818481197e+00
3.327935621738433714e+00
6.101154456138610627e+00
1.232113996505737319e+01
1.251150579452514622e+00
1.714196311235427927e+00
1.144998496055602999e+01
1.806874334812164307e+00
2.759317004680633456e+00
1.864868699312210110e+00
1.120888402938842709e+01
8.400490701198577437e-01
2.152252885103225655e+00
6.878519849777221751e+00
1.106227140426635813e+01
3.997193582057952721e+00
1.222313860893249426e+01
3.878871619701385498e+00
1.302627032995224088e+00
7.930432524681091166e+00
1.082170085906982493e+01
1.090240547657012948e+00
3.600534231662750440e+00
8.131979112625122852e+00
1.444571374654769924e+00
1.272553464889526431e+01
1.135535528182983356e+01
6.316571245193481232e+00
3.452160255908966136e+00
7.620237050056457129e+00
7.522381100654602193e+00
9.651836287975311679e-01
2.025939377546310372e+00
3.144419128894806015e+00
1.274807022094726605e+01
5.211657986640930496e+00
2.433486604690551669e+00
7.597669773101806356e+00
3.162519605159759717e+00
7.115256915092468049e+00
6.374334979057311834e+00
1.237345492362975996e+01
1.529146149158477686e+00
1.233415227890014698e+01
2.162334570884704377e+00
4.279534664154052592e+00
1.992186861038208079e+00
2.016266421079635496e+00
6.132632150650024094e+00
1.657710359096527197e+00
6.798230915069580327e+00
1.884540849924087436e+00
3.480944557189941335e+00
1.059443382620811391e+00
8.183985695838927654e+00
1.603620709180831883e+00
1.089651079177856374e+01
9.443391734361648027e-01
2.799935724735259868e+00
7.601430387496947993e+00
1.149092376708984453e+01
3.803469879627227712e+00
3.844035027027130180e+00
1.275285213470458956e+01
1.412294263839721786e+00
1.881586970090866062e+00
6.021640543937682999e+00
3.942257263660430944e+00
7.842377829551696600e+00
1.972936469316482588e+00
2.912191183567047315e+00
3.854444856643676864e+00
6.589387574195861852e+00
7.143389239311217942e+00
2.856516001224517876e+00
7.020729198455810227e+00
4.067355079650878835e+00
8.491499719619751474e+00
