1.049460254907607970e+00
2.002569997310638339e+00
1.299454940795898494e+01
8.004805440902709179e+00
4.052299404144287465e+00
1.588456088304519565e+00
4.546238708496093572e+00
1.881853084564208967e+00
1.951579205989837584e+00
7.432933154106140528e+00
3.837060327529907333e+00
1.252671148300170856e+01
1.734335573911666817e+00
3.249179430007934410e+00
2.980202784538269256e+00
3.111682479381561173e+00
2.463703806400299179e+00
5.746184072494506800e+00
1.088706889748573214e+00
4.119544675350189422e+00
1.344790261983871416e+00
1.276754436492919886e+01
4.059502627849578715e+00
3.016484649181366162e+00
1.270269006729125927e+01
4.240954008102416850e+00
2.564096863269806015e+00
3.614858620166778724e+00
2.771974692344665314e+00
4.303235774040222061e+00
1.894969240427017310e+00
1.846866378784179696e+00
6.946728382110595845e+00
1.865934725999832233e+00
9.112241497039795135e+00
1.006913311004638700e+01
1.385564414978027337e+01
7.509987125396728302e+00
6.480315680503845321e+00
7.229098849296569540e+00
7.856784205436706969e+00
3.590485761165618683e+00
1.078763687610626132e+00
9.830041122436522727e+00
1.350065668821334830e+00
3.120682516098022496e+00
3.103401231765746893e+00
8.810201807022094656e+00
4.109693589210510645e+00
4.428661189079284632e+00
1.282442708969116296e+01
1.394766288995742842e+00
2.147173459529876816e+00
6.418571624755859517e+00
9.051458349227905487e+00
1.822116659879684519e+00
3.226502473354339706e+00
1.493076697587967017e+00
8.249061594009399201e+00
4.277717943191528427e+00
3.922117819786071991e+00
3.338471596240997208e+00
1.144255533218383825e+01
6.957356481552124272e+00
7.417066321372986160e+00
1.504025510549545253e+00
1.574808059930801418e+00
2.709423441886901873e+00
2.080049442052841258e+00
2.671728231906890905e+00
3.296550383567810272e+00
7.803068695068358984e+00
7.476867518424987757e+00
2.816180603504180979e+00
7.282611269950866273e+00
1.974305914640426707e+00
3.945061023235321152e+00
6.019393305778503844e+00
1.885554147958755422e+00
1.271348905563354492e+01
2.632228510379791331e+00
7.795017156600952291e+00
2.853258929252624476e+00
3.458431820869445783e+00
3.356386322975158709e+00
