2.036849999999999827e+00
2.588010000000000144e+00
1.161331999999999987e+01
1.515800000000000036e+00
1.106611999999999973e+01
7.077289999999999637e+00
1.573819999999999997e+00
2.416970000000000063e+00
7.314390000000000391e+00
7.298560000000000159e+00
7.530450000000000088e+00
1.870279999999999943e+00
2.240660000000000096e+00
2.033949999999999925e+00
6.949550000000000338e+00
7.629660000000000331e+00
1.305953000000000053e+01
1.213368000000000002e+01
1.429404000000000075e+01
2.208089999999999886e+00
2.659190000000000165e+00
8.927099999999999369e+00
7.102820000000000356e+00
4.002530000000000143e+00
1.382300000000000084e+00
1.076899999999999968e+00
6.468280000000000030e+00
3.422930000000000028e+00
3.762010000000000076e+00
3.639990000000000059e+00
8.228889999999999816e+00
3.915820000000000078e+00
6.951740000000000030e+00
1.478849999999999998e+00
6.511849999999999916e+00
1.191475999999999935e+01
6.142979999999999663e+00
1.197969999999999979e+00
4.174859999999999793e+00
2.326470000000000038e+00
3.601799999999999891e+00
2.732730000000000103e+00
9.564759999999999707e+00
1.718930000000000069e+00
1.087376000000000076e+01
1.241595000000000049e+01
6.158619999999999983e+00
2.630640000000000089e+00
4.165840000000000209e+00
2.112379999999999924e+00
2.573249999999999815e+00
7.313290000000000290e+00
6.621019999999999683e+00
7.715600000000000236e+00
3.185890000000000111e+00
6.458870000000000111e+00
2.205999999999999961e+00
6.770809999999999995e+00
1.506610000000000005e+00
1.135723999999999911e+01
2.165810000000000013e+00
5.371789999999999843e+00
6.079629999999999868e+00
1.411459999999999937e+00
7.640019999999999811e+00
3.902880000000000127e+00
6.931869999999999976e+00
2.033700000000000063e+00
6.720290000000000319e+00
1.077805000000000035e+01
1.411079999999999890e+00
2.678500000000000103e+00
2.402629999999999821e+00
5.717130000000000045e+00
4.141650000000000276e+00
6.870650000000000368e+00
1.193017000000000039e+01
1.097682999999999964e+01
3.955869999999999997e+00
4.005569999999999631e+00
1.059286999999999956e+01
3.181630000000000180e+00
3.907690000000000108e+00
7.106469999999999843e+00
1.069771000000000072e+01
