7.115649380683898961e+00
9.257826557159424041e+00
4.097959077358245494e+00
4.290933203697204767e+00
4.035273768901824987e+00
4.033485500812530766e+00
1.077961328625679061e+00
1.203326416969299295e+01
8.142303910255431987e+00
7.104438905715942276e+00
1.145627888679504380e+01
8.251181411743164773e+00
7.533956265449523571e+00
8.766190490722657103e+00
7.833549623489379776e+00
6.255992670059203675e+00
1.169782625198364201e+01
7.716818552017212340e+00
1.985915530920028704e+00
1.940698877573013403e+00
2.511612536907195992e+00
3.246837859153747452e+00
3.522374913692474241e+00
9.709358888864517700e-01
8.570362911224364666e+00
3.706012320518493830e+00
1.206495858430862489e+00
2.447376461029052930e+00
3.984323849678039764e+00
7.316181044578552672e+00
1.987027293443679898e+00
1.281552296876907304e+00
2.242313189506530691e+00
7.602110567092895899e+00
7.358565301895141353e+00
4.213683314323425577e+00
1.194647029042243958e+00
1.689816036224365270e+00
4.018428597450256490e+00
1.898089363574981592e+00
7.165029540061950364e+00
4.226946659088135050e+00
9.709707851409911328e+00
6.240120730400085414e+00
1.081453910827636733e+01
6.215869803428649476e+00
3.837452425956726199e+00
1.436108812093734644e+00
1.070294795632362295e+00
3.704176335334777637e+00
2.127527984380721993e+00
6.032942647933960068e+00
1.714289101362228340e+00
1.230687785148620650e+00
3.108513755798339773e+00
1.484054814338684025e+01
1.252671670913696289e+01
1.345579009056091380e+01
1.696834821701049822e+00
9.892096776962279847e+00
6.009958472251891948e+00
1.103040473937988253e+01
9.843066377639770437e+00
1.918248660564422670e+00
1.160270597457885700e+01
2.870847547054290683e+00
6.823298106193542267e+00
4.197557272911072168e+00
1.791839053630828849e+00
1.135586854934692447e+01
7.402283701896667623e+00
6.498476505279541016e+00
3.842665984630584841e+00
1.187359186172485437e+01
2.151256229877471782e+00
4.196209747791289857e+00
8.769281768798828480e+00
6.269102315902710387e+00
1.086967372894287109e+01
7.282919173240661515e+00
4.075053627490997421e+00
3.564452037811279173e+00
1.116541056632995632e+00
1.343004204034805360e+00
7.467730197906494283e+00
