1.048201988339424240e+00
1.116152862548828040e+01
6.855311250686645153e+00
4.687619357109070073e+00
3.359589192867279195e+00
5.922575635910034109e+00
1.296309082984924288e+01
2.706151728630065811e+00
1.731527589559554992e+00
8.850988407135009339e+00
7.195530524253845428e+00
3.930435812473297208e+00
1.019078294038772592e+00
1.171622039794921832e+01
3.598010604381561173e+00
1.847756608724594019e+00
2.059068210124969323e+00
2.086967606544494647e+00
6.394768261909485219e+00
9.017791900634765767e+00
7.384395713806152450e+00
1.130079771041870096e+01
1.013976310729980490e+01
6.457540812492370996e+00
4.124412646293640350e+00
1.932358186244964582e+00
1.500882170200347865e+00
3.547986133098602224e+00
1.128433951377868638e+01
1.356264462471008292e+00
6.103874478340149068e+00
7.204704589843750284e+00
1.054984254837036062e+01
2.081589380502700593e+00
1.316269717216491664e+01
9.216175489425658895e+00
1.195072835922241161e+01
1.186390372514724678e+00
7.112288475036621094e+00
3.684072396755218470e+00
8.915204114913940714e+00
1.206613973617553626e+01
1.050858150482177678e+01
3.038087933063506885e+00
1.155387759208679199e+01
1.115991077423095668e+01
6.812219853401184189e+00
6.050588150024413636e+00
2.512146899700164582e+00
1.680435472726821811e+00
1.158818587303161607e+01
4.201922245025635050e+00
4.063922040462493612e+00
4.174252161979675080e+00
9.319602622985840412e+00
1.575390256643295350e+00
1.969903019666671806e+00
1.263720508813858112e+00
7.510662956237792898e+00
3.019559204578399658e+00
4.108630421161652002e+00
6.683264327049255549e+00
6.883833003044128596e+00
2.257749168872833057e+00
6.276054320335387793e+00
6.253034524917602255e+00
1.260377341508865268e+00
9.281148309707640820e+00
7.261817703247070099e+00
7.588209033012390137e+00
7.075640273094177424e+00
1.962922953367233214e+00
1.289971606731414866e+00
7.848711185455321981e+00
6.242272443771362589e+00
5.718093256950378844e+00
1.213033083915710364e+01
7.847359061241149902e+00
5.938480396270751527e+00
1.844021366834640574e+00
1.338287681579589794e+01
9.056105537414550710e+00
2.241608452796936213e+00
6.833115839958191273e+00
9.558755283355713672e+00
