3.614142835140228271e-01
3.547424674034118652e-01
4.782016873359680176e-01
4.453254938125610352e-01
3.262241482734680176e-01
2.755173444747924805e-01
6.281741261482238770e-01
7.789046168327331543e-01
4.989037513732910156e-01
4.044532179832458496e-01
4.499128460884094238e-01
4.325277209281921387e-01
5.634078383445739746e-01
3.621338009834289551e-01
6.024540066719055176e-01
5.316514372825622559e-01
3.430275321006774902e-01
4.734187722206115723e-01
3.855068385601043701e-01
4.784082770347595215e-01
3.280068635940551758e-01
4.175897240638732910e-01
3.146762847900390625e-01
6.739837527275085449e-01
5.593330264091491699e-01
5.603092312812805176e-01
4.117190241813659668e-01
3.787836134433746338e-01
5.909876823425292969e-01
3.694547116756439209e-01
5.486643314361572266e-01
6.046987175941467285e-01
4.426736235618591309e-01
3.724539279937744141e-01
5.787556767463684082e-01
6.387156248092651367e-01
5.367280840873718262e-01
4.743900895118713379e-01
3.778430223464965820e-01
3.591490983963012695e-01
3.365683853626251221e-01
4.803756475448608398e-01
5.210430622100830078e-01
5.466557741165161133e-01
4.268823862075805664e-01
6.314656734466552734e-01
4.079694747924804688e-01
6.474583745002746582e-01
9.834221601486206055e-01
4.914441108703613281e-01
3.595043420791625977e-01
5.909104347229003906e-01
3.343646526336669922e-01
6.728423833847045898e-01
4.651573896408081055e-01
3.497860133647918701e-01
5.767755508422851562e-01
3.076397478580474854e-01
4.877340793609619141e-01
4.447009563446044922e-01
3.798233270645141602e-01
3.855169415473937988e-01
4.820711016654968262e-01
4.479839205741882324e-01
5.401971340179443359e-01
7.672179341316223145e-01
8.361632823944091797e-01
4.967588186264038086e-01
5.479972362518310547e-01
3.924823105335235596e-01
4.399430751800537109e-01
6.067973971366882324e-01
5.645123720169067383e-01
4.607669115066528320e-01
2.650706470012664795e-01
4.545776247978210449e-01
4.929311871528625488e-01
2.935246527194976807e-01
3.222512006759643555e-01
7.428046464920043945e-01
5.023993849754333496e-01
4.729450941085815430e-01
5.715151429176330566e-01
4.815013408660888672e-01
5.796055197715759277e-01
5.303665399551391602e-01
4.812721014022827148e-01
4.485855698585510254e-01
3.870976567268371582e-01
4.387504458427429199e-01
3.582391440868377686e-01
3.380516469478607178e-01
6.263832449913024902e-01
3.832678794860839844e-01
1.099181056022644043e+00
5.381139516830444336e-01
5.270751714706420898e-01
7.300456166267395020e-01
5.913004875183105469e-01
4.608410000801086426e-01
