1.118545770645141602e+00
9.475284814834594727e-01
1.377503514289855957e+00
7.360952496528625488e-01
9.678462147712707520e-01
1.209838509559631348e+00
8.011745214462280273e-01
1.370722174644470215e+00
8.507285118103027344e-01
6.061729788780212402e-01
8.906371593475341797e-01
1.022752285003662109e+00
8.766610622406005859e-01
6.780114769935607910e-01
6.252437233924865723e-01
6.157116293907165527e-01
1.065862655639648438e+00
1.307279467582702637e+00
8.842553496360778809e-01
6.857271194458007812e-01
1.378452897071838379e+00
6.700677275657653809e-01
1.600267410278320312e+00
1.025580525398254395e+00
1.257208466529846191e+00
1.124474644660949707e+00
8.256337046623229980e-01
1.315209865570068359e+00
8.582259416580200195e-01
9.168555140495300293e-01
1.159685492515563965e+00
1.235981106758117676e+00
8.343830108642578125e-01
8.873834013938903809e-01
1.184127330780029297e+00
7.651533484458923340e-01
9.265217781066894531e-01
6.895008683204650879e-01
9.724898934364318848e-01
6.202583312988281250e-01
8.706476092338562012e-01
1.002077460289001465e+00
1.311190128326416016e+00
6.336845159530639648e-01
6.694051623344421387e-01
6.110347509384155273e-01
7.544574737548828125e-01
1.162379026412963867e+00
8.077886104583740234e-01
6.964766979217529297e-01
8.750192523002624512e-01
6.460987925529479980e-01
6.818632483482360840e-01
8.584693670272827148e-01
1.102653980255126953e+00
8.139086961746215820e-01
8.658832907676696777e-01
1.110749602317810059e+00
9.713529348373413086e-01
1.072420120239257812e+00
1.012086987495422363e+00
7.927398085594177246e-01
1.143011450767517090e+00
1.026329278945922852e+00
1.022851824760437012e+00
1.280721902847290039e+00
6.099783182144165039e-01
9.763405323028564453e-01
9.075364470481872559e-01
6.303343772888183594e-01
9.558521509170532227e-01
9.113782644271850586e-01
1.126391172409057617e+00
8.650959730148315430e-01
6.938344836235046387e-01
9.401575326919555664e-01
1.032883048057556152e+00
9.582394957542419434e-01
1.152226448059082031e+00
9.923671483993530273e-01
5.278515815734863281e-01
1.000783801078796387e+00
8.826577067375183105e-01
8.568497896194458008e-01
9.048461914062500000e-01
9.072753787040710449e-01
1.076706528663635254e+00
1.049836516380310059e+00
7.338834404945373535e-01
7.755587100982666016e-01
1.175750613212585449e+00
8.865594267845153809e-01
1.299324393272399902e+00
5.852475762367248535e-01
1.004593014717102051e+00
1.096769094467163086e+00
7.048782706260681152e-01
6.492236852645874023e-01
6.356310844421386719e-01
8.625398874282836914e-01
