7.068531513214111328e+00
7.049365997314453125e+00
7.244040012359619141e+00
7.114045143127441406e+00
6.964399814605712891e+00
6.789349555969238281e+00
7.140350818634033203e+00
7.111664295196533203e+00
7.579090118408203125e+00
7.186580181121826172e+00
7.034558773040771484e+00
7.276387691497802734e+00
7.543683052062988281e+00
7.203086376190185547e+00
7.226385593414306641e+00
7.093691825866699219e+00
6.927278518676757812e+00
7.377896308898925781e+00
7.298603534698486328e+00
6.489229679107666016e+00
7.222859859466552734e+00
6.876458168029785156e+00
6.764430999755859375e+00
7.122033596038818359e+00
6.941818237304687500e+00
7.080200672149658203e+00
6.893873691558837891e+00
7.506431102752685547e+00
6.965511322021484375e+00
7.017265796661376953e+00
7.218532562255859375e+00
7.002944946289062500e+00
7.222018718719482422e+00
6.973056316375732422e+00
7.256747245788574219e+00
6.800444602966308594e+00
7.062008857727050781e+00
6.871429920196533203e+00
7.227772235870361328e+00
6.914557456970214844e+00
6.860614776611328125e+00
6.812767028808593750e+00
7.304509162902832031e+00
7.212738037109375000e+00
7.003633499145507812e+00
7.235981464385986328e+00
6.856972217559814453e+00
7.284950733184814453e+00
7.375530719757080078e+00
6.835308551788330078e+00
7.069068431854248047e+00
7.231205940246582031e+00
7.166012763977050781e+00
7.272658824920654297e+00
7.039307117462158203e+00
7.045205593109130859e+00
6.895860671997070312e+00
6.984546184539794922e+00
7.418666362762451172e+00
7.244739532470703125e+00
7.219788551330566406e+00
7.084101676940917969e+00
6.945929527282714844e+00
6.987360000610351562e+00
6.955832958221435547e+00
6.985474109649658203e+00
7.275582313537597656e+00
6.869448661804199219e+00
6.959323883056640625e+00
7.277199745178222656e+00
6.922750949859619141e+00
7.229588508605957031e+00
6.967434883117675781e+00
6.937501430511474609e+00
6.940357208251953125e+00
7.075502872467041016e+00
6.929666042327880859e+00
7.265522003173828125e+00
6.825716018676757812e+00
6.838793277740478516e+00
7.170476913452148438e+00
6.893182277679443359e+00
6.955994129180908203e+00
7.044047355651855469e+00
7.347619533538818359e+00
7.313456058502197266e+00
6.918339252471923828e+00
7.349024295806884766e+00
7.145869731903076172e+00
7.064461708068847656e+00
7.371392726898193359e+00
7.249576568603515625e+00
6.800780296325683594e+00
6.981366634368896484e+00
7.038629055023193359e+00
6.697704315185546875e+00
7.357368469238281250e+00
6.562632560729980469e+00
7.153882503509521484e+00
7.153563499450683594e+00
