7.682306766510009766e+00
7.452085971832275391e+00
7.821358680725097656e+00
7.978362083435058594e+00
7.468597888946533203e+00
7.406149864196777344e+00
7.782975673675537109e+00
7.224180698394775391e+00
7.601102352142333984e+00
7.239107131958007812e+00
7.468497276306152344e+00
7.711218833923339844e+00
7.483569145202636719e+00
7.498847007751464844e+00
7.864908218383789062e+00
7.189392566680908203e+00
7.399343967437744141e+00
7.542347908020019531e+00
7.441636085510253906e+00
7.562594890594482422e+00
7.611745834350585938e+00
7.668756008148193359e+00
8.142641067504882812e+00
7.385331630706787109e+00
7.590978145599365234e+00
7.544494152069091797e+00
8.027392387390136719e+00
7.527232646942138672e+00
7.679493427276611328e+00
7.854689121246337891e+00
7.902643203735351562e+00
7.379613399505615234e+00
7.874013423919677734e+00
7.337375164031982422e+00
7.840537071228027344e+00
7.281790256500244141e+00
7.771451950073242188e+00
7.661267280578613281e+00
7.656998634338378906e+00
7.553830146789550781e+00
7.960141181945800781e+00
7.811942100524902344e+00
7.368156909942626953e+00
7.407398700714111328e+00
7.883274555206298828e+00
7.376010894775390625e+00
7.534609794616699219e+00
7.556426525115966797e+00
7.451500892639160156e+00
7.372948646545410156e+00
8.128815650939941406e+00
7.558857440948486328e+00
7.556228637695312500e+00
7.769985675811767578e+00
7.809319972991943359e+00
8.036802291870117188e+00
7.598114490509033203e+00
7.699077606201171875e+00
7.938548564910888672e+00
7.736827373504638672e+00
7.355313301086425781e+00
7.469784259796142578e+00
7.885033607482910156e+00
7.834338665008544922e+00
7.712610244750976562e+00
7.829042911529541016e+00
7.827289104461669922e+00
7.891679286956787109e+00
7.894853591918945312e+00
7.954611778259277344e+00
7.956570625305175781e+00
7.907653808593750000e+00
7.620234489440917969e+00
7.704756259918212891e+00
7.558746337890625000e+00
8.258408546447753906e+00
7.482488155364990234e+00
7.303318977355957031e+00
7.896359920501708984e+00
7.491539478302001953e+00
7.231423377990722656e+00
7.491354465484619141e+00
7.289080619812011719e+00
7.625145435333251953e+00
7.138547420501708984e+00
7.584565639495849609e+00
8.005290031433105469e+00
7.517293453216552734e+00
7.599267005920410156e+00
8.047944068908691406e+00
7.968261718750000000e+00
7.599572658538818359e+00
7.277339458465576172e+00
7.142453193664550781e+00
7.372595310211181641e+00
7.897042274475097656e+00
7.330873489379882812e+00
7.787800312042236328e+00
7.450240135192871094e+00
7.059230804443359375e+00
