1.455650210380554199e+00
1.318276882171630859e+00
1.473014712333679199e+00
1.240083932876586914e+00
1.464960455894470215e+00
1.353076577186584473e+00
1.312016487121582031e+00
1.703157067298889160e+00
1.557325601577758789e+00
1.765425562858581543e+00
1.698510766029357910e+00
1.191167950630187988e+00
1.306402444839477539e+00
1.577373147010803223e+00
1.129642486572265625e+00
1.390414595603942871e+00
1.358342528343200684e+00
1.737208843231201172e+00
8.198978900909423828e-01
1.367794871330261230e+00
1.751157164573669434e+00
1.042382478713989258e+00
7.852370738983154297e-01
9.558581113815307617e-01
1.535059213638305664e+00
1.247331619262695312e+00
1.277174830436706543e+00
1.294073343276977539e+00
9.742299318313598633e-01
1.265277147293090820e+00
1.554618239402770996e+00
1.336416125297546387e+00
1.545031070709228516e+00
1.142550110816955566e+00
1.364561080932617188e+00
1.732760071754455566e+00
1.409009933471679688e+00
1.284034371376037598e+00
1.381960749626159668e+00
1.107624530792236328e+00
1.393394231796264648e+00
1.585508823394775391e+00
1.402463912963867188e+00
1.496849179267883301e+00
1.270411849021911621e+00
1.426847457885742188e+00
1.360897660255432129e+00
1.209643363952636719e+00
1.456410169601440430e+00
1.181613922119140625e+00
1.007906794548034668e+00
1.109086275100708008e+00
8.794766664505004883e-01
1.344157099723815918e+00
1.422405004501342773e+00
1.403355121612548828e+00
1.136924505233764648e+00
1.519559502601623535e+00
1.561950206756591797e+00
1.525889754295349121e+00
1.417674422264099121e+00
1.510511159896850586e+00
1.561899542808532715e+00
1.370612621307373047e+00
1.536112070083618164e+00
1.187486648559570312e+00
1.288658380508422852e+00
1.464215874671936035e+00
9.807559251785278320e-01
1.225314497947692871e+00
1.108369112014770508e+00
1.342591881752014160e+00
1.128265500068664551e+00
1.599454641342163086e+00
1.329003930091857910e+00
1.297599077224731445e+00
1.548484683036804199e+00
1.093537211418151855e+00
1.430171489715576172e+00
1.508837819099426270e+00
1.490067005157470703e+00
1.600864052772521973e+00
1.224660158157348633e+00
1.058677434921264648e+00
1.120534420013427734e+00
1.106163382530212402e+00
1.594464540481567383e+00
1.400216937065124512e+00
1.050675630569458008e+00
1.309551000595092773e+00
9.570932388305664062e-01
1.172189831733703613e+00
1.242717981338500977e+00
1.069424986839294434e+00
1.294577479362487793e+00
1.249909758567810059e+00
1.259364962577819824e+00
1.467733621597290039e+00
1.275269627571105957e+00
1.774280309677124023e+00
