9.215579986572265625e+00
9.025877952575683594e+00
8.496637344360351562e+00
8.999294281005859375e+00
9.072204589843750000e+00
8.974352836608886719e+00
8.722760200500488281e+00
8.853198051452636719e+00
8.893033027648925781e+00
9.007060050964355469e+00
8.667985916137695312e+00
9.176332473754882812e+00
8.785462379455566406e+00
8.841130256652832031e+00
8.468752861022949219e+00
9.079932212829589844e+00
8.520776748657226562e+00
8.577798843383789062e+00
9.262252807617187500e+00
8.352191925048828125e+00
8.451730728149414062e+00
8.708997726440429688e+00
9.151625633239746094e+00
8.826590538024902344e+00
9.071424484252929688e+00
8.834802627563476562e+00
8.644866943359375000e+00
8.829605102539062500e+00
8.872215270996093750e+00
8.748375892639160156e+00
8.676065444946289062e+00
8.668182373046875000e+00
9.307695388793945312e+00
8.927284240722656250e+00
8.644026756286621094e+00
8.842227935791015625e+00
8.798833847045898438e+00
8.638282775878906250e+00
8.750020980834960938e+00
8.891282081604003906e+00
8.982089996337890625e+00
8.776669502258300781e+00
8.683791160583496094e+00
8.622390747070312500e+00
8.643285751342773438e+00
8.810268402099609375e+00
8.836176872253417969e+00
8.996238708496093750e+00
8.568664550781250000e+00
8.718238830566406250e+00
8.746576309204101562e+00
9.117417335510253906e+00
8.446606636047363281e+00
8.641186714172363281e+00
8.899027824401855469e+00
9.149759292602539062e+00
9.180391311645507812e+00
8.287856101989746094e+00
8.853508949279785156e+00
9.115936279296875000e+00
9.003291130065917969e+00
8.851553916931152344e+00
8.838347434997558594e+00
8.734944343566894531e+00
8.671265602111816406e+00
8.171775817871093750e+00
8.611154556274414062e+00
8.502307891845703125e+00
8.844096183776855469e+00
8.841170310974121094e+00
8.789340972900390625e+00
8.684264183044433594e+00
8.840694427490234375e+00
8.296945571899414062e+00
8.919140815734863281e+00
8.652812957763671875e+00
8.917727470397949219e+00
8.969566345214843750e+00
8.578862190246582031e+00
8.857340812683105469e+00
8.337394714355468750e+00
8.558232307434082031e+00
8.870931625366210938e+00
8.472256660461425781e+00
8.619563102722167969e+00
9.252801895141601562e+00
8.756119728088378906e+00
8.497043609619140625e+00
9.381700515747070312e+00
8.192163467407226562e+00
8.647946357727050781e+00
8.973265647888183594e+00
8.900590896606445312e+00
8.796807289123535156e+00
9.029699325561523438e+00
8.588665008544921875e+00
8.787640571594238281e+00
8.752717018127441406e+00
8.658233642578125000e+00
8.374716758728027344e+00
