7.171807289123535156e-01
9.411510229110717773e-01
7.596229314804077148e-01
8.969857692718505859e-01
1.159832119941711426e+00
9.977934360504150391e-01
9.259377717971801758e-01
9.106520414352416992e-01
9.015376567840576172e-01
7.378562688827514648e-01
9.263675212860107422e-01
7.157334089279174805e-01
1.260781407356262207e+00
1.037458658218383789e+00
7.942239046096801758e-01
9.648088216781616211e-01
1.430058240890502930e+00
9.792892932891845703e-01
9.718816280364990234e-01
5.220664739608764648e-01
6.455833911895751953e-01
7.650212049484252930e-01
9.645830392837524414e-01
9.125695228576660156e-01
1.010424137115478516e+00
1.061487555503845215e+00
1.140711784362792969e+00
1.307552456855773926e+00
1.231090664863586426e+00
5.553238391876220703e-01
1.101914167404174805e+00
1.018730998039245605e+00
8.277460336685180664e-01
8.961435556411743164e-01
6.494883298873901367e-01
8.354017734527587891e-01
1.005503177642822266e+00
7.715644836425781250e-01
8.293278217315673828e-01
7.473155260086059570e-01
9.582113027572631836e-01
1.141318082809448242e+00
9.018049240112304688e-01
7.256408929824829102e-01
1.075256228446960449e+00
8.247177600860595703e-01
1.243474364280700684e+00
1.000041127204895020e+00
1.210763931274414062e+00
7.102646827697753906e-01
1.242937088012695312e+00
6.501994132995605469e-01
7.207676172256469727e-01
1.108143687248229980e+00
1.183565616607666016e+00
8.965171575546264648e-01
1.347976207733154297e+00
7.761944532394409180e-01
7.783290147781372070e-01
8.308113813400268555e-01
1.425060153007507324e+00
8.784332275390625000e-01
9.465131759643554688e-01
1.364489555358886719e+00
1.262427926063537598e+00
9.564400911331176758e-01
7.744477987289428711e-01
1.132219195365905762e+00
9.359353780746459961e-01
8.998631238937377930e-01
8.015146255493164062e-01
8.204438686370849609e-01
9.061154127120971680e-01
1.191872119903564453e+00
7.273527383804321289e-01
1.295148611068725586e+00
1.086863636970520020e+00
9.813230037689208984e-01
9.481372833251953125e-01
7.374336719512939453e-01
6.277537941932678223e-01
8.080396652221679688e-01
7.619289159774780273e-01
8.785715103149414062e-01
8.818756341934204102e-01
1.054248452186584473e+00
7.437722682952880859e-01
1.039894938468933105e+00
1.110702872276306152e+00
1.270994901657104492e+00
1.167752981185913086e+00
8.903565406799316406e-01
1.283106684684753418e+00
6.145514845848083496e-01
9.206902980804443359e-01
6.374595165252685547e-01
1.094201683998107910e+00
1.218189120292663574e+00
7.877732515335083008e-01
1.297011494636535645e+00
