2.956281602382659912e-01
5.823727846145629883e-01
5.882198810577392578e-01
4.106703400611877441e-01
5.374247431755065918e-01
3.169589042663574219e-01
3.040250837802886963e-01
5.108020305633544922e-01
3.485101461410522461e-01
3.816907405853271484e-01
3.976227641105651855e-01
3.351658880710601807e-01
4.826183319091796875e-01
5.764616131782531738e-01
3.326026797294616699e-01
4.407061934471130371e-01
4.472542405128479004e-01
4.452446699142456055e-01
2.541415095329284668e-01
4.619619846343994141e-01
3.432613611221313477e-01
3.035587370395660400e-01
3.710034489631652832e-01
3.072808086872100830e-01
6.572160720825195312e-01
3.103295564651489258e-01
6.679228544235229492e-01
2.535114288330078125e-01
4.346280694007873535e-01
5.629889965057373047e-01
3.578961789608001709e-01
2.101599574089050293e-01
4.655403494834899902e-01
4.283936619758605957e-01
6.197873353958129883e-01
3.636015057563781738e-01
5.374201536178588867e-01
3.761420845985412598e-01
3.091469109058380127e-01
6.651903390884399414e-01
3.737849295139312744e-01
5.754207372665405273e-01
3.901848196983337402e-01
4.105250835418701172e-01
7.403751015663146973e-01
3.349094092845916748e-01
3.257273435592651367e-01
4.137019515037536621e-01
5.731415748596191406e-01
7.883429527282714844e-01
3.521120548248291016e-01
5.855622291564941406e-01
2.969148755073547363e-01
5.297353863716125488e-01
6.165930032730102539e-01
4.686761498451232910e-01
4.243945479393005371e-01
5.964339971542358398e-01
3.598009645938873291e-01
5.046551227569580078e-01
5.964856743812561035e-01
1.792874932289123535e-01
6.346729397773742676e-01
3.438287377357482910e-01
4.820314049720764160e-01
3.919540643692016602e-01
4.084880352020263672e-01
5.265924334526062012e-01
3.562372028827667236e-01
4.114903509616851807e-01
3.856123089790344238e-01
3.419175148010253906e-01
3.073978722095489502e-01
4.878067374229431152e-01
4.769698381423950195e-01
6.186342835426330566e-01
3.323868513107299805e-01
3.647529482841491699e-01
5.203607082366943359e-01
2.801886796951293945e-01
4.207617044448852539e-01
5.940715670585632324e-01
3.477388918399810791e-01
3.395416140556335449e-01
4.441282153129577637e-01
4.022624790668487549e-01
8.802483081817626953e-01
5.351415872573852539e-01
1.736191511154174805e-01
3.845272660255432129e-01
4.885545969009399414e-01
3.125379383563995361e-01
4.922236204147338867e-01
3.122355043888092041e-01
6.163221001625061035e-01
5.165374279022216797e-01
4.087670147418975830e-01
3.403717875480651855e-01
4.062205553054809570e-01
3.310776352882385254e-01
