9.117062568664550781e+00
8.885631561279296875e+00
8.841038703918457031e+00
8.857776641845703125e+00
8.999406814575195312e+00
9.296685218811035156e+00
9.143228530883789062e+00
9.215209960937500000e+00
8.938588142395019531e+00
9.054122924804687500e+00
9.342122077941894531e+00
8.964708328247070312e+00
9.016673088073730469e+00
9.119397163391113281e+00
9.129172325134277344e+00
8.939869880676269531e+00
8.727178573608398438e+00
8.779973983764648438e+00
8.978936195373535156e+00
9.016505241394042969e+00
9.010610580444335938e+00
9.050071716308593750e+00
8.917903900146484375e+00
8.981381416320800781e+00
8.795366287231445312e+00
9.298192024230957031e+00
8.738444328308105469e+00
9.044368743896484375e+00
9.269526481628417969e+00
8.781647682189941406e+00
8.789791107177734375e+00
8.801678657531738281e+00
9.103921890258789062e+00
8.759523391723632812e+00
8.771019935607910156e+00
9.193360328674316406e+00
8.821990966796875000e+00
9.088753700256347656e+00
9.442542076110839844e+00
8.957159996032714844e+00
8.954171180725097656e+00
9.084069252014160156e+00
8.715426445007324219e+00
9.322702407836914062e+00
8.749382972717285156e+00
9.049662590026855469e+00
8.906606674194335938e+00
9.073382377624511719e+00
9.187407493591308594e+00
9.185159683227539062e+00
8.955234527587890625e+00
9.038311004638671875e+00
9.073611259460449219e+00
9.060317039489746094e+00
8.790708541870117188e+00
9.088331222534179688e+00
9.034660339355468750e+00
9.185491561889648438e+00
8.965271949768066406e+00
8.959300994873046875e+00
9.011672973632812500e+00
8.772038459777832031e+00
8.902784347534179688e+00
9.102728843688964844e+00
9.142815589904785156e+00
9.061409950256347656e+00
8.763125419616699219e+00
9.094501495361328125e+00
9.137237548828125000e+00
9.007168769836425781e+00
9.155060768127441406e+00
9.274662971496582031e+00
9.102309226989746094e+00
9.153124809265136719e+00
8.829736709594726562e+00
8.887664794921875000e+00
9.089570045471191406e+00
9.314641952514648438e+00
9.275649070739746094e+00
9.373247146606445312e+00
9.116094589233398438e+00
9.079603195190429688e+00
9.331783294677734375e+00
9.216270446777343750e+00
9.060741424560546875e+00
9.063234329223632812e+00
9.507673263549804688e+00
9.213567733764648438e+00
8.846385002136230469e+00
8.934553146362304688e+00
9.023084640502929688e+00
8.970351219177246094e+00
9.027212142944335938e+00
8.961761474609375000e+00
9.106069564819335938e+00
8.858001708984375000e+00
9.044157028198242188e+00
9.195471763610839844e+00
9.132389068603515625e+00
8.799095153808593750e+00
