7.671626091003417969e+00
7.726388931274414062e+00
8.057722091674804688e+00
8.022366523742675781e+00
7.550852775573730469e+00
7.839919567108154297e+00
8.330771446228027344e+00
7.472568511962890625e+00
8.252238273620605469e+00
8.111419677734375000e+00
8.074613571166992188e+00
7.905493259429931641e+00
7.995095729827880859e+00
7.600372791290283203e+00
8.401098251342773438e+00
7.669526100158691406e+00
7.960741043090820312e+00
8.057492256164550781e+00
8.221455574035644531e+00
7.831005573272705078e+00
7.916347503662109375e+00
8.041275978088378906e+00
8.168663978576660156e+00
7.736099720001220703e+00
7.469615936279296875e+00
7.858440876007080078e+00
7.647617340087890625e+00
7.965134143829345703e+00
7.992072582244873047e+00
7.594901084899902344e+00
8.162659645080566406e+00
7.726719379425048828e+00
8.107313156127929688e+00
7.891621112823486328e+00
8.175805091857910156e+00
7.910228252410888672e+00
7.826725959777832031e+00
7.748681068420410156e+00
7.727483749389648438e+00
7.704062461853027344e+00
7.976063728332519531e+00
8.183637619018554688e+00
8.359698295593261719e+00
7.878493785858154297e+00
7.949505805969238281e+00
7.964025020599365234e+00
7.734370231628417969e+00
7.851167201995849609e+00
7.895174980163574219e+00
7.890192031860351562e+00
7.999669075012207031e+00
8.135717391967773438e+00
8.131514549255371094e+00
7.831957340240478516e+00
8.052279472351074219e+00
7.823266029357910156e+00
8.231189727783203125e+00
8.011672973632812500e+00
7.721527576446533203e+00
7.666173458099365234e+00
7.418068885803222656e+00
8.070293426513671875e+00
8.040987968444824219e+00
8.085428237915039062e+00
8.060779571533203125e+00
8.146073341369628906e+00
8.157692909240722656e+00
8.008457183837890625e+00
7.907213211059570312e+00
7.702167034149169922e+00
8.279782295227050781e+00
7.780316829681396484e+00
7.794060230255126953e+00
7.999579429626464844e+00
7.955358028411865234e+00
8.429418563842773438e+00
7.881160736083984375e+00
7.026614665985107422e+00
8.047686576843261719e+00
8.047027587890625000e+00
7.615905761718750000e+00
7.770327091217041016e+00
7.997396469116210938e+00
7.466532707214355469e+00
7.455021381378173828e+00
8.003782272338867188e+00
8.023488044738769531e+00
7.642655372619628906e+00
7.944492816925048828e+00
8.380455017089843750e+00
7.892175674438476562e+00
8.077395439147949219e+00
7.633653640747070312e+00
7.617083072662353516e+00
7.705451488494873047e+00
8.034250259399414062e+00
7.585264205932617188e+00
8.208488464355468750e+00
7.779741764068603516e+00
7.672189712524414062e+00
