7.083965301513671875e+00
7.120526313781738281e+00
7.407078266143798828e+00
7.075645923614501953e+00
7.310932636260986328e+00
6.996953487396240234e+00
7.160002231597900391e+00
7.238408565521240234e+00
7.887423515319824219e+00
7.343581676483154297e+00
7.197103023529052734e+00
7.068816661834716797e+00
7.362311363220214844e+00
7.254395484924316406e+00
7.094074249267578125e+00
6.890542030334472656e+00
7.158351421356201172e+00
6.880105018615722656e+00
7.060434818267822266e+00
7.108597755432128906e+00
7.349477767944335938e+00
6.907245159149169922e+00
6.855355262756347656e+00
7.324377536773681641e+00
7.160298824310302734e+00
6.761614322662353516e+00
7.152972698211669922e+00
7.368374347686767578e+00
6.794654369354248047e+00
6.977321624755859375e+00
7.301594257354736328e+00
7.221080303192138672e+00
7.444458961486816406e+00
7.106527805328369141e+00
7.106290817260742188e+00
7.071326732635498047e+00
7.028872013092041016e+00
7.090454101562500000e+00
7.442941665649414062e+00
7.096119880676269531e+00
6.877084732055664062e+00
7.413279056549072266e+00
7.379138946533203125e+00
6.698095798492431641e+00
7.090658664703369141e+00
6.738184452056884766e+00
7.576458454132080078e+00
7.107122421264648438e+00
7.570510864257812500e+00
6.973387718200683594e+00
7.146427631378173828e+00
7.375681400299072266e+00
7.290834426879882812e+00
6.768365383148193359e+00
6.639531135559082031e+00
6.940711021423339844e+00
7.187656402587890625e+00
7.042592525482177734e+00
7.456629276275634766e+00
6.949828147888183594e+00
6.959323883056640625e+00
7.373040676116943359e+00
7.176362514495849609e+00
6.859914779663085938e+00
6.963745594024658203e+00
6.965885639190673828e+00
7.165360450744628906e+00
7.005739212036132812e+00
7.057779312133789062e+00
7.053493976593017578e+00
6.850523471832275391e+00
7.186565876007080078e+00
6.980089187622070312e+00
7.089753627777099609e+00
7.556128501892089844e+00
7.116897583007812500e+00
6.916618824005126953e+00
7.068907260894775391e+00
7.066657066345214844e+00
7.052210330963134766e+00
7.059456825256347656e+00
6.823795795440673828e+00
6.861969470977783203e+00
7.076203346252441406e+00
7.167068004608154297e+00
7.186664581298828125e+00
7.088344573974609375e+00
7.212705612182617188e+00
7.261779308319091797e+00
7.628010749816894531e+00
7.127558708190917969e+00
7.311048984527587891e+00
7.098659038543701172e+00
7.097473144531250000e+00
7.339330673217773438e+00
7.034348964691162109e+00
7.710409641265869141e+00
6.980285644531250000e+00
7.228153705596923828e+00
6.940545082092285156e+00
