4.061703681945800781e-01
4.576179385185241699e-01
3.695719838142395020e-01
4.745532274246215820e-01
4.625189900398254395e-01
3.641117811203002930e-01
3.410033583641052246e-01
4.377217888832092285e-01
3.761123120784759521e-01
4.459539353847503662e-01
3.823053240776062012e-01
4.426231682300567627e-01
5.747570991516113281e-01
2.828577756881713867e-01
5.227407813072204590e-01
4.616844654083251953e-01
6.182845830917358398e-01
4.743527472019195557e-01
5.249838829040527344e-01
4.636495709419250488e-01
2.509982585906982422e-01
3.288213014602661133e-01
4.006663560867309570e-01
5.266670584678649902e-01
5.051341056823730469e-01
3.539056479930877686e-01
7.261638641357421875e-01
4.759950041770935059e-01
4.375875890254974365e-01
4.345326423645019531e-01
3.428860604763031006e-01
3.612191677093505859e-01
3.220760822296142578e-01
5.773773193359375000e-01
8.055670261383056641e-01
2.920140027999877930e-01
3.081990480422973633e-01
4.149074554443359375e-01
3.344796001911163330e-01
5.135392546653747559e-01
4.166067242622375488e-01
4.198182225227355957e-01
4.365292787551879883e-01
3.357875347137451172e-01
5.357815027236938477e-01
3.471648395061492920e-01
3.872876465320587158e-01
3.340332508087158203e-01
4.039705991744995117e-01
4.237404167652130127e-01
4.393247663974761963e-01
4.515504240989685059e-01
4.789350330829620361e-01
6.214298009872436523e-01
5.915021896362304688e-01
5.619266033172607422e-01
5.211193561553955078e-01
5.401993989944458008e-01
3.334061503410339355e-01
4.002318978309631348e-01
5.794543027877807617e-01
1.676253080368041992e-01
6.435340642929077148e-01
2.869479656219482422e-01
3.990467488765716553e-01
3.886004984378814697e-01
3.919433355331420898e-01
5.325560569763183594e-01
5.298854112625122070e-01
6.686967611312866211e-01
4.723603129386901855e-01
4.041715562343597412e-01
3.571773171424865723e-01
2.940663695335388184e-01
4.307623505592346191e-01
4.666317403316497803e-01
4.831949174404144287e-01
3.192547559738159180e-01
3.408362269401550293e-01
2.151489853858947754e-01
6.361024975776672363e-01
2.888265848159790039e-01
3.320123553276062012e-01
4.020388722419738770e-01
4.986694455146789551e-01
3.964062333106994629e-01
6.764775514602661133e-01
3.044889569282531738e-01
2.716870605945587158e-01
5.320819616317749023e-01
5.134686231613159180e-01
3.186237514019012451e-01
3.951433897018432617e-01
4.029129445552825928e-01
4.793284237384796143e-01
3.592770099639892578e-01
2.299208343029022217e-01
4.106732010841369629e-01
4.205093681812286377e-01
1.478276848793029785e-01
