6.864166736602783203e+00
6.901717662811279297e+00
7.001646995544433594e+00
6.863743305206298828e+00
6.965827465057373047e+00
6.798189640045166016e+00
7.175269126892089844e+00
6.887226581573486328e+00
7.628870010375976562e+00
6.827502250671386719e+00
7.041461467742919922e+00
7.233901977539062500e+00
7.285324096679687500e+00
7.045335292816162109e+00
7.001029968261718750e+00
6.825017929077148438e+00
6.924542903900146484e+00
7.179435253143310547e+00
6.800001621246337891e+00
7.018572330474853516e+00
6.872069358825683594e+00
7.062590599060058594e+00
6.699703693389892578e+00
6.970723152160644531e+00
7.023214817047119141e+00
6.853080749511718750e+00
7.080491542816162109e+00
7.086995601654052734e+00
6.997994422912597656e+00
6.982228755950927734e+00
6.794685363769531250e+00
7.468872547149658203e+00
7.057318210601806641e+00
7.123624801635742188e+00
7.156846046447753906e+00
7.119036674499511719e+00
7.011766433715820312e+00
6.949857234954833984e+00
6.850934505462646484e+00
6.670416355133056641e+00
6.969171524047851562e+00
7.081677913665771484e+00
6.940068244934082031e+00
6.587246894836425781e+00
6.832817554473876953e+00
7.276413917541503906e+00
7.054590702056884766e+00
7.052064418792724609e+00
7.147201538085937500e+00
7.111956596374511719e+00
6.743444919586181641e+00
6.965483665466308594e+00
6.887930393218994141e+00
6.780959606170654297e+00
6.968076705932617188e+00
6.967136383056640625e+00
6.928323745727539062e+00
7.080094337463378906e+00
6.959933280944824219e+00
7.381792068481445312e+00
7.372236728668212891e+00
7.205628871917724609e+00
6.959872722625732422e+00
7.213697433471679688e+00
6.707748889923095703e+00
7.036653041839599609e+00
6.894672393798828125e+00
6.974838733673095703e+00
6.872450828552246094e+00
6.918642044067382812e+00
6.671572208404541016e+00
7.153964996337890625e+00
6.744049072265625000e+00
6.871946811676025391e+00
7.069903850555419922e+00
7.118796348571777344e+00
6.922550678253173828e+00
6.976146697998046875e+00
6.888728618621826172e+00
6.743530273437500000e+00
6.861517906188964844e+00
7.101700305938720703e+00
6.687861442565917969e+00
6.990407943725585938e+00
7.104924201965332031e+00
7.053654670715332031e+00
6.719968795776367188e+00
7.325676918029785156e+00
7.004474163055419922e+00
7.260758399963378906e+00
7.100386619567871094e+00
7.516059875488281250e+00
7.038897991180419922e+00
6.808256626129150391e+00
7.084821701049804688e+00
6.706079006195068359e+00
7.337965488433837891e+00
6.814586639404296875e+00
7.040257453918457031e+00
6.955646991729736328e+00
