8.907999396324157715e-01
1.291880965232849121e+00
6.975301504135131836e-01
1.121285200119018555e+00
8.749912977218627930e-01
9.494112133979797363e-01
1.204957485198974609e+00
1.111299753189086914e+00
1.041094899177551270e+00
8.728792667388916016e-01
1.013987541198730469e+00
1.392627120018005371e+00
1.144030570983886719e+00
1.231270313262939453e+00
1.437764406204223633e+00
7.694122195243835449e-01
1.517073750495910645e+00
1.360851645469665527e+00
1.155752420425415039e+00
5.831454396247863770e-01
1.024451375007629395e+00
8.059279322624206543e-01
1.263180971145629883e+00
8.863459825515747070e-01
9.487329125404357910e-01
6.521627902984619141e-01
8.606171607971191406e-01
1.302012920379638672e+00
1.258745908737182617e+00
8.256621360778808594e-01
8.165677189826965332e-01
9.732028841972351074e-01
7.273629307746887207e-01
1.118675708770751953e+00
7.884278297424316406e-01
7.805294394493103027e-01
6.352191567420959473e-01
1.203317880630493164e+00
7.108411788940429688e-01
1.101277709007263184e+00
9.292924404144287109e-01
1.144308328628540039e+00
9.458180069923400879e-01
8.376654982566833496e-01
1.076647400856018066e+00
8.479721546173095703e-01
8.765646815299987793e-01
7.725203633308410645e-01
1.253222703933715820e+00
7.528640031814575195e-01
1.330402016639709473e+00
7.760724425315856934e-01
6.287643909454345703e-01
1.222013354301452637e+00
9.593493938446044922e-01
1.048351168632507324e+00
9.658138751983642578e-01
1.220937490463256836e+00
9.843933582305908203e-01
1.124638438224792480e+00
1.343995809555053711e+00
1.262285232543945312e+00
9.182024598121643066e-01
1.385199904441833496e+00
1.111025810241699219e+00
1.209183573722839355e+00
9.412224888801574707e-01
7.892591953277587891e-01
1.044434309005737305e+00
1.000346779823303223e+00
1.312849760055541992e+00
1.112539052963256836e+00
1.125126481056213379e+00
7.441229820251464844e-01
7.097021341323852539e-01
1.100150823593139648e+00
1.013414978981018066e+00
1.228285312652587891e+00
1.044444680213928223e+00
7.060364484786987305e-01
6.793321967124938965e-01
1.446065306663513184e+00
9.108627438545227051e-01
8.122597932815551758e-01
8.621426820755004883e-01
1.302021980285644531e+00
9.670025706291198730e-01
1.181752800941467285e+00
6.993428468704223633e-01
6.586609482765197754e-01
1.221233248710632324e+00
7.618361711502075195e-01
1.200243592262268066e+00
5.811907052993774414e-01
7.285166382789611816e-01
7.707916498184204102e-01
1.046919107437133789e+00
1.208826780319213867e+00
7.438989281654357910e-01
1.254943609237670898e+00
