4.113944768905639648e-01
5.470021367073059082e-01
6.415960192680358887e-01
4.913986921310424805e-01
4.183671474456787109e-01
4.003046154975891113e-01
5.567085146903991699e-01
4.165910780429840088e-01
3.192128539085388184e-01
7.738648056983947754e-01
5.392494797706604004e-01
4.101396799087524414e-01
6.257854700088500977e-01
4.769665002822875977e-01
4.096058905124664307e-01
7.153179645538330078e-01
7.198237180709838867e-01
5.644977688789367676e-01
4.725052118301391602e-01
4.992111921310424805e-01
2.806458771228790283e-01
4.505534172058105469e-01
3.493227362632751465e-01
5.691269636154174805e-01
5.303918719291687012e-01
4.108674526214599609e-01
3.778110742568969727e-01
3.948467969894409180e-01
3.426904678344726562e-01
3.876852095127105713e-01
4.112917780876159668e-01
3.757247328758239746e-01
3.522483110427856445e-01
4.568765759468078613e-01
5.925965905189514160e-01
3.816935718059539795e-01
3.718405365943908691e-01
4.525581598281860352e-01
4.420946240425109863e-01
3.357613086700439453e-01
5.686843395233154297e-01
3.985356092453002930e-01
5.024088025093078613e-01
4.530176520347595215e-01
3.582195937633514404e-01
3.826689124107360840e-01
2.858933806419372559e-01
4.067553877830505371e-01
4.523493051528930664e-01
4.475470781326293945e-01
4.557698965072631836e-01
3.533305525779724121e-01
5.543408989906311035e-01
3.191302418708801270e-01
5.878828167915344238e-01
3.262645602226257324e-01
5.319353342056274414e-01
6.297029256820678711e-01
5.111481547355651855e-01
4.795795083045959473e-01
7.290968298912048340e-01
3.493115305900573730e-01
9.524102210998535156e-01
4.314519762992858887e-01
5.571203827857971191e-01
4.981501698493957520e-01
3.146587014198303223e-01
6.594604849815368652e-01
6.025465726852416992e-01
6.329252123832702637e-01
6.108340024948120117e-01
3.453691005706787109e-01
4.969418644905090332e-01
4.481117129325866699e-01
3.637302517890930176e-01
4.807536602020263672e-01
4.573962688446044922e-01
3.935313820838928223e-01
2.198522686958312988e-01
2.764824032783508301e-01
3.308522999286651611e-01
5.137924551963806152e-01
3.954622447490692139e-01
3.841468691825866699e-01
5.162497758865356445e-01
2.904818356037139893e-01
8.205194473266601562e-01
4.688841104507446289e-01
2.870146632194519043e-01
5.732663869857788086e-01
5.566185116767883301e-01
3.862971067428588867e-01
6.644671559333801270e-01
6.400657892227172852e-01
1.655757427215576172e-01
2.924223840236663818e-01
4.836261272430419922e-01
5.064991712570190430e-01
3.763327598571777344e-01
2.787238359451293945e-01
