7.890677928924560547e+00
7.367177963256835938e+00
7.221938133239746094e+00
7.459887504577636719e+00
7.558435440063476562e+00
7.606539726257324219e+00
7.282915592193603516e+00
7.620401859283447266e+00
7.186950206756591797e+00
7.464931488037109375e+00
7.260285854339599609e+00
7.768434524536132812e+00
7.454188346862792969e+00
7.376267910003662109e+00
7.294548034667968750e+00
7.398889541625976562e+00
7.124962806701660156e+00
7.201595306396484375e+00
7.815892219543457031e+00
6.957507610321044922e+00
7.109635829925537109e+00
7.630854606628417969e+00
7.766214370727539062e+00
7.457437992095947266e+00
7.707179546356201172e+00
7.544387340545654297e+00
7.121273040771484375e+00
7.121894836425781250e+00
7.686138153076171875e+00
7.477509021759033203e+00
7.050538063049316406e+00
7.229825973510742188e+00
7.736315727233886719e+00
7.635195732116699219e+00
7.526907444000244141e+00
7.678883075714111328e+00
7.633509635925292969e+00
7.526664733886718750e+00
7.412944316864013672e+00
7.438683032989501953e+00
7.852583408355712891e+00
7.465933322906494141e+00
7.349887847900390625e+00
7.589623451232910156e+00
7.194098949432373047e+00
7.353471755981445312e+00
7.270372867584228516e+00
7.675517082214355469e+00
7.264039993286132812e+00
7.439279556274414062e+00
7.288509368896484375e+00
7.582456111907958984e+00
7.396115779876708984e+00
7.407826423645019531e+00
7.589112281799316406e+00
7.805043697357177734e+00
7.964182376861572266e+00
7.416819095611572266e+00
7.370688915252685547e+00
7.696073055267333984e+00
7.500972270965576172e+00
7.426373004913330078e+00
7.304043769836425781e+00
7.441157817840576172e+00
7.183045864105224609e+00
6.984176635742187500e+00
7.295156002044677734e+00
7.152941703796386719e+00
7.618137836456298828e+00
7.072781085968017578e+00
7.339165687561035156e+00
7.116506099700927734e+00
7.884375095367431641e+00
7.137932777404785156e+00
7.714518070220947266e+00
7.445200443267822266e+00
7.450126647949218750e+00
7.630061626434326172e+00
6.894912242889404297e+00
7.412057876586914062e+00
7.188095092773437500e+00
7.300312995910644531e+00
7.355377674102783203e+00
7.092613697052001953e+00
7.402119636535644531e+00
7.704709529876708984e+00
7.641229629516601562e+00
7.010902404785156250e+00
7.615276813507080078e+00
7.036347389221191406e+00
7.089915275573730469e+00
7.497617244720458984e+00
7.310641765594482422e+00
7.374390602111816406e+00
7.815493106842041016e+00
6.950534343719482422e+00
7.490577220916748047e+00
7.242903709411621094e+00
7.252259731292724609e+00
7.059720039367675781e+00
