9.479426383972167969e+00
9.444111824035644531e+00
9.342057228088378906e+00
9.414609909057617188e+00
9.536646842956542969e+00
9.465837478637695312e+00
9.310085296630859375e+00
9.397560119628906250e+00
9.340190887451171875e+00
9.628649711608886719e+00
9.455414772033691406e+00
9.534919738769531250e+00
9.496069908142089844e+00
9.419180870056152344e+00
9.451053619384765625e+00
9.374970436096191406e+00
9.405236244201660156e+00
9.355225563049316406e+00
9.359565734863281250e+00
9.320853233337402344e+00
9.255344390869140625e+00
9.552855491638183594e+00
9.284646034240722656e+00
9.594585418701171875e+00
9.398137092590332031e+00
9.264972686767578125e+00
9.294657707214355469e+00
9.346503257751464844e+00
9.339777946472167969e+00
9.552440643310546875e+00
9.425421714782714844e+00
9.463819503784179688e+00
9.417152404785156250e+00
9.322915077209472656e+00
9.396037101745605469e+00
9.458231925964355469e+00
9.578139305114746094e+00
9.586235046386718750e+00
9.590263366699218750e+00
9.625899314880371094e+00
9.210249900817871094e+00
9.414793014526367188e+00
9.425522804260253906e+00
9.594417572021484375e+00
9.426535606384277344e+00
9.370467185974121094e+00
9.410065650939941406e+00
9.312067985534667969e+00
9.471819877624511719e+00
9.460626602172851562e+00
9.544959068298339844e+00
9.599655151367187500e+00
9.309886932373046875e+00
9.388438224792480469e+00
9.682327270507812500e+00
9.486038208007812500e+00
9.339059829711914062e+00
9.496602058410644531e+00
9.576784133911132812e+00
9.411284446716308594e+00
9.458020210266113281e+00
9.542778015136718750e+00
9.741675376892089844e+00
9.567041397094726562e+00
9.438581466674804688e+00
9.580403327941894531e+00
9.409154891967773438e+00
9.422794342041015625e+00
9.344676971435546875e+00
9.299657821655273438e+00
9.652408599853515625e+00
9.471385002136230469e+00
9.464567184448242188e+00
9.365357398986816406e+00
9.352308273315429688e+00
9.178452491760253906e+00
9.477157592773437500e+00
9.494230270385742188e+00
9.597507476806640625e+00
9.508201599121093750e+00
9.382629394531250000e+00
9.518763542175292969e+00
9.490509033203125000e+00
9.542151451110839844e+00
9.438549041748046875e+00
9.510932922363281250e+00
9.479840278625488281e+00
9.642780303955078125e+00
9.927231788635253906e+00
9.381919860839843750e+00
9.385599136352539062e+00
9.505171775817871094e+00
9.736351966857910156e+00
9.505250930786132812e+00
9.417121887207031250e+00
9.347025871276855469e+00
9.476242065429687500e+00
9.138314247131347656e+00
9.379861831665039062e+00
9.288703918457031250e+00
