7.543382892608642365e+00
7.575873055458068883e+00
3.219140055775642217e-01
1.411863338947296098e+00
1.966018782854080271e+00
1.062534953653812453e+00
2.682232649326324658e+00
2.706838815212249560e+00
7.258931827545166415e-01
5.798921075463294716e-01
7.166631345748901261e+00
2.798998432159423899e+00
1.676823505163192785e+00
1.583520331382751500e+00
1.836783429384231559e+00
9.450361883640289173e-01
7.056599748134613215e-01
7.084638762474059881e+00
8.027554221153259562e+00
2.957685973644256450e+00
6.567627635002136088e+00
8.092716169357299094e+00
5.698378987312317179e+00
2.268286784887314056e+00
7.682093338966369700e+00
3.322444322109222359e+00
1.293528735637664795e+00
2.525499799251556432e+00
7.230890579223633097e+00
1.924622328281402561e+00
2.122819277048110909e+00
5.762247323989868608e-01
2.779082741737365581e+00
7.569599227905273509e+00
8.068122940063476634e+00
2.760535454750061124e+00
6.055163750648498322e+00
9.642703843116759987e-01
3.838189564645290153e-01
6.017632398605346822e+00
3.102421219348907577e+00
6.918920879364013565e+00
7.965024137496947709e-01
3.580991128087043784e-01
3.214205386638641304e+00
3.737324457168579084e+00
6.454287821054458529e-01
8.338346266746521351e-01
3.699827802181244074e+00
1.784324215650558543e+00
7.953908538818359020e+00
2.328828986883163310e+00
3.600889337062835871e+00
8.126456456184387278e+00
4.696547491848468980e-01
5.481438841819763041e+00
3.352582471370697093e+00
7.807092876434325923e+00
5.639045648574828817e+00
1.335523566007614127e+00
7.185076427459716752e-01
4.057483181953430496e+00
4.092491927742958335e-01
7.589044604301452779e+00
2.500132567882537682e+00
6.502898874282837305e+00
6.620722742080688228e+00
1.316364502906799405e+00
7.557568736076355265e+00
7.433057412505149619e-01
1.735278692245483478e+00
6.027346320152282999e+00
6.963842887878417542e+00
1.656986120939254681e+00
6.981220650672912420e+00
5.935743328928947404e-01
7.988585500717163335e+00
3.400981774926185586e-01
2.418386788368225293e+00
1.059937992095947301e+00
6.102908935546874858e+00
5.447849121093749858e+00
8.244981598854065341e-01
8.211782617568969656e+00
2.178359110355377215e+00
7.944793515205383017e+00
7.911697616577148651e+00
6.207748889923095703e+00
8.911906683444976718e-01
1.194820574522018397e+00
6.339545753598213595e-01
9.844370102882384899e-01
1.768432835340499887e+00
