6.104840278625488281e+00
6.003706455230712891e+00
6.376656532287597656e+00
5.593439579010009766e+00
5.745347499847412109e+00
6.016171455383300781e+00
5.819100379943847656e+00
6.338171958923339844e+00
5.937100410461425781e+00
6.459387302398681641e+00
5.590998172760009766e+00
6.059714794158935547e+00
6.300899982452392578e+00
5.995645046234130859e+00
6.082377433776855469e+00
5.776288986206054688e+00
6.144534587860107422e+00
5.661587715148925781e+00
6.236845016479492188e+00
5.935409069061279297e+00
5.929958343505859375e+00
5.801265239715576172e+00
6.043063163757324219e+00
5.666950702667236328e+00
5.890276908874511719e+00
6.060060024261474609e+00
5.869554996490478516e+00
5.627718448638916016e+00
5.584615230560302734e+00
5.591740608215332031e+00
5.943293094635009766e+00
5.661048889160156250e+00
6.062573432922363281e+00
6.115573883056640625e+00
6.015468597412109375e+00
5.619610309600830078e+00
6.116028785705566406e+00
5.853205204010009766e+00
5.686840057373046875e+00
5.762403011322021484e+00
6.029448509216308594e+00
6.264057636260986328e+00
5.704556465148925781e+00
6.088104724884033203e+00
5.838013648986816406e+00
6.075018405914306641e+00
5.845317363739013672e+00
6.023321151733398438e+00
6.042107582092285156e+00
6.352717876434326172e+00
6.423060417175292969e+00
6.417332649230957031e+00
5.935495853424072266e+00
5.690466403961181641e+00
6.411387443542480469e+00
5.981647014617919922e+00
6.033635616302490234e+00
6.151367187500000000e+00
6.099797248840332031e+00
5.852857112884521484e+00
5.950479030609130859e+00
5.744748592376708984e+00
6.271660327911376953e+00
6.254689693450927734e+00
6.137382507324218750e+00
5.617936611175537109e+00
6.276970386505126953e+00
6.287146568298339844e+00
5.807698726654052734e+00
6.107152938842773438e+00
5.618979454040527344e+00
5.767683982849121094e+00
6.030565261840820312e+00
5.946484565734863281e+00
5.803058147430419922e+00
5.390243530273437500e+00
5.863906383514404297e+00
6.020367145538330078e+00
5.769206523895263672e+00
5.836164474487304688e+00
5.455253601074218750e+00
6.015483379364013672e+00
6.299567699432373047e+00
6.138044357299804688e+00
6.030974388122558594e+00
6.114206790924072266e+00
6.237742424011230469e+00
5.657326698303222656e+00
5.703367233276367188e+00
5.758018016815185547e+00
5.893857955932617188e+00
5.934498786926269531e+00
5.870085716247558594e+00
5.754390716552734375e+00
5.533218860626220703e+00
6.157173633575439453e+00
6.224059581756591797e+00
5.807795524597167969e+00
6.129644393920898438e+00
6.280008316040039062e+00
