5.138906240463256836e-01
6.406291723251342773e-01
6.468787193298339844e-01
5.388976335525512695e-01
5.025960803031921387e-01
4.613498449325561523e-01
2.716967463493347168e-01
5.824989676475524902e-01
3.374272584915161133e-01
4.663853645324707031e-01
5.326688289642333984e-01
3.410338461399078369e-01
4.882122874259948730e-01
5.476859211921691895e-01
3.696697354316711426e-01
4.167014360427856445e-01
4.756891727447509766e-01
6.827038526535034180e-01
2.375392615795135498e-01
4.611722230911254883e-01
2.551458477973937988e-01
3.843820393085479736e-01
4.985334277153015137e-01
2.835484743118286133e-01
4.432446956634521484e-01
3.285484910011291504e-01
5.632331967353820801e-01
3.303701281547546387e-01
3.913923203945159912e-01
4.199990034103393555e-01
3.186154067516326904e-01
2.525227367877960205e-01
4.900904893875122070e-01
4.271026849746704102e-01
6.257340908050537109e-01
3.823280930519104004e-01
4.747641086578369141e-01
4.277184009552001953e-01
2.594855427742004395e-01
7.016466259956359863e-01
6.327199339866638184e-01
5.421507954597473145e-01
4.287859201431274414e-01
3.187209963798522949e-01
6.116566061973571777e-01
5.174437761306762695e-01
3.148389458656311035e-01
4.628510475158691406e-01
6.919108033180236816e-01
7.502063512802124023e-01
4.179888665676116943e-01
5.979352593421936035e-01
5.414648056030273438e-01
5.194624066352844238e-01
7.446365356445312500e-01
4.145424962043762207e-01
5.794422626495361328e-01
6.721199750900268555e-01
5.768615603446960449e-01
4.398463964462280273e-01
6.928312778472900391e-01
3.372465968132019043e-01
8.053346276283264160e-01
4.195759296417236328e-01
6.034412384033203125e-01
4.759156107902526855e-01
3.831161260604858398e-01
4.395110011100769043e-01
4.998379945755004883e-01
5.623928308486938477e-01
6.020706892013549805e-01
3.241627812385559082e-01
2.415053993463516235e-01
4.376253485679626465e-01
4.375458955764770508e-01
6.714271306991577148e-01
4.029127359390258789e-01
3.601336777210235596e-01
3.862522542476654053e-01
2.644253075122833252e-01
3.442733287811279297e-01
6.576703190803527832e-01
4.317774176597595215e-01
2.938004732131958008e-01
6.487670540809631348e-01
4.981320500373840332e-01
8.323743939399719238e-01
5.962855815887451172e-01
2.250456511974334717e-01
5.041871666908264160e-01
6.004101634025573730e-01
4.197779297828674316e-01
5.318302512168884277e-01
5.449337363243103027e-01
5.184552073478698730e-01
3.684942722320556641e-01
5.383004546165466309e-01
4.052967429161071777e-01
5.425096750259399414e-01
3.368816375732421875e-01
