8.821460723876953125e+00
8.757315635681152344e+00
9.066547393798828125e+00
9.235388755798339844e+00
8.709856986999511719e+00
8.766939163208007812e+00
9.232110023498535156e+00
8.563490867614746094e+00
8.843179702758789062e+00
8.781597137451171875e+00
8.990093231201171875e+00
9.011404037475585938e+00
8.712265014648437500e+00
8.657382011413574219e+00
9.135137557983398438e+00
8.758829116821289062e+00
8.881260871887207031e+00
9.194962501525878906e+00
9.043592453002929688e+00
8.909530639648437500e+00
9.001650810241699219e+00
8.920822143554687500e+00
9.461099624633789062e+00
8.952717781066894531e+00
8.954398155212402344e+00
8.560669898986816406e+00
9.012056350708007812e+00
8.929762840270996094e+00
8.721427917480468750e+00
8.889027595520019531e+00
9.027032852172851562e+00
8.655997276306152344e+00
9.117251396179199219e+00
8.728350639343261719e+00
9.083461761474609375e+00
8.448087692260742188e+00
9.001520156860351562e+00
9.013762474060058594e+00
8.894404411315917969e+00
8.691350936889648438e+00
9.070225715637207031e+00
9.007593154907226562e+00
8.723639488220214844e+00
8.679509162902832031e+00
9.415269851684570312e+00
8.718963623046875000e+00
8.787070274353027344e+00
8.826821327209472656e+00
8.801055908203125000e+00
8.718673706054687500e+00
9.449810981750488281e+00
8.960425376892089844e+00
8.928069114685058594e+00
9.150689125061035156e+00
9.130807876586914062e+00
9.251826286315917969e+00
8.705847740173339844e+00
9.299960136413574219e+00
9.332034111022949219e+00
9.023729324340820312e+00
8.581134796142578125e+00
8.880987167358398438e+00
8.993538856506347656e+00
9.002783775329589844e+00
8.790314674377441406e+00
8.849551200866699219e+00
8.932766914367675781e+00
8.920474052429199219e+00
8.983792304992675781e+00
8.940071105957031250e+00
9.106320381164550781e+00
9.327957153320312500e+00
8.795928955078125000e+00
8.945606231689453125e+00
8.943299293518066406e+00
9.427779197692871094e+00
8.905162811279296875e+00
8.439965248107910156e+00
8.965562820434570312e+00
8.987565040588378906e+00
8.595473289489746094e+00
8.883713722229003906e+00
8.647513389587402344e+00
8.728627204895019531e+00
8.273593902587890625e+00
8.789857864379882812e+00
9.080920219421386719e+00
8.700472831726074219e+00
8.922780990600585938e+00
9.200903892517089844e+00
9.250679016113281250e+00
8.942088127136230469e+00
8.527812004089355469e+00
8.595884323120117188e+00
8.588027000427246094e+00
9.522296905517578125e+00
8.622307777404785156e+00
9.287069320678710938e+00
8.751669883728027344e+00
8.293863296508789062e+00
