9.038733482360839844e+00
8.852685928344726562e+00
8.824453353881835938e+00
8.862946510314941406e+00
9.052070617675781250e+00
8.960276603698730469e+00
9.116320610046386719e+00
9.077524185180664062e+00
8.794078826904296875e+00
8.791944503784179688e+00
9.140377044677734375e+00
9.079524993896484375e+00
9.155878067016601562e+00
9.243776321411132812e+00
9.075847625732421875e+00
8.964551925659179688e+00
8.841040611267089844e+00
8.736034393310546875e+00
8.970971107482910156e+00
8.826219558715820312e+00
9.091594696044921875e+00
8.922915458679199219e+00
8.851571083068847656e+00
9.058907508850097656e+00
8.760725975036621094e+00
9.150857925415039062e+00
8.763786315917968750e+00
8.998521804809570312e+00
9.418916702270507812e+00
8.911445617675781250e+00
8.851028442382812500e+00
9.009507179260253906e+00
9.105485916137695312e+00
8.846776008605957031e+00
9.063983917236328125e+00
9.133854866027832031e+00
8.978811264038085938e+00
8.881651878356933594e+00
9.699777603149414062e+00
8.996432304382324219e+00
8.994611740112304688e+00
9.072201728820800781e+00
8.751160621643066406e+00
9.290904998779296875e+00
8.919076919555664062e+00
9.078822135925292969e+00
8.801465988159179688e+00
9.216554641723632812e+00
9.062935829162597656e+00
9.245766639709472656e+00
9.170104980468750000e+00
9.050963401794433594e+00
9.115553855895996094e+00
8.870512962341308594e+00
8.694605827331542969e+00
9.058264732360839844e+00
9.092538833618164062e+00
9.200800895690917969e+00
9.010407447814941406e+00
9.176861763000488281e+00
8.828439712524414062e+00
9.025485992431640625e+00
9.125349998474121094e+00
8.791938781738281250e+00
9.077653884887695312e+00
8.992375373840332031e+00
8.606394767761230469e+00
8.966418266296386719e+00
9.103622436523437500e+00
8.894000053405761719e+00
9.241686820983886719e+00
9.493631362915039062e+00
8.975645065307617188e+00
9.188881874084472656e+00
8.997731208801269531e+00
8.930564880371093750e+00
9.144958496093750000e+00
9.033165931701660156e+00
9.094076156616210938e+00
9.322226524353027344e+00
9.088979721069335938e+00
9.028381347656250000e+00
9.238973617553710938e+00
9.147169113159179688e+00
9.006247520446777344e+00
9.006635665893554688e+00
9.304224014282226562e+00
9.256662368774414062e+00
8.912619590759277344e+00
8.973369598388671875e+00
9.088594436645507812e+00
9.199622154235839844e+00
8.907064437866210938e+00
8.829647064208984375e+00
9.191273689270019531e+00
8.856801033020019531e+00
8.980776786804199219e+00
9.091200828552246094e+00
8.816918373107910156e+00
9.166997909545898438e+00
