5.074948668479919434e-01
4.586329460144042969e-01
3.927849531173706055e-01
5.568377375602722168e-01
3.591366112232208252e-01
3.667866587638854980e-01
4.004728198051452637e-01
6.345202922821044922e-01
3.887812495231628418e-01
3.407196402549743652e-01
4.952218532562255859e-01
5.987740755081176758e-01
5.040947198867797852e-01
5.442904233932495117e-01
7.021261453628540039e-01
5.312113165855407715e-01
5.509219169616699219e-01
4.139342606067657471e-01
5.111165046691894531e-01
9.244391322135925293e-01
3.412308096885681152e-01
3.972763419151306152e-01
4.716600179672241211e-01
3.769002258777618408e-01
3.846049308776855469e-01
3.778034448623657227e-01
7.011600136756896973e-01
3.724755644798278809e-01
5.535445213317871094e-01
4.947904348373413086e-01
5.508074760437011719e-01
5.768265724182128906e-01
2.868491113185882568e-01
4.809567928314208984e-01
7.330668568611145020e-01
6.137260794639587402e-01
6.222630739212036133e-01
4.343959689140319824e-01
3.933389186859130859e-01
3.776301145553588867e-01
4.320348501205444336e-01
3.082256913185119629e-01
4.992129802703857422e-01
6.214646100997924805e-01
4.621616005897521973e-01
3.406416773796081543e-01
5.287144780158996582e-01
3.384058475494384766e-01
7.700657844543457031e-01
6.495044231414794922e-01
3.827308416366577148e-01
4.041260480880737305e-01
3.742990493774414062e-01
6.604452133178710938e-01
3.774090409278869629e-01
3.744431734085083008e-01
3.276817202568054199e-01
3.023311495780944824e-01
4.071385264396667480e-01
5.754663944244384766e-01
5.078777670860290527e-01
3.210275769233703613e-01
4.946854114532470703e-01
3.683906793594360352e-01
4.299951195716857910e-01
4.024240672588348389e-01
1.023811459541320801e+00
4.577573537826538086e-01
3.624994754791259766e-01
3.152547180652618408e-01
4.626506567001342773e-01
5.667672753334045410e-01
5.219537019729614258e-01
4.631125926971435547e-01
3.584779500961303711e-01
4.140124917030334473e-01
3.666768074035644531e-01
4.254651069641113281e-01
3.873500227928161621e-01
4.550512433052062988e-01
2.939917445182800293e-01
3.276628851890563965e-01
7.854465842247009277e-01
4.263021349906921387e-01
3.353568613529205322e-01
4.661334156990051270e-01
5.553492903709411621e-01
6.721624732017517090e-01
5.448235273361206055e-01
2.725960016250610352e-01
4.927346706390380859e-01
5.083589553833007812e-01
4.383143186569213867e-01
3.355652689933776855e-01
8.568555116653442383e-01
5.606856942176818848e-01
3.939682245254516602e-01
4.641543030738830566e-01
6.013329625129699707e-01
4.520417451858520508e-01
