3.516437828540802002e+00
4.110858330726623322e+00
3.982014882564544500e+00
2.622103111743927073e+00
6.978435349464416682e+00
1.766735551357269340e+00
2.226716976165771467e+00
3.012982439994812189e+00
1.125916988849639866e+00
3.818529064655304062e+00
5.035684609413147328e+00
8.384977841377258656e+00
8.025197398662566872e-01
7.986435384750365962e+00
6.271521248817443883e+00
6.630896372795104909e+00
8.197591032981872416e+00
2.882324502468109007e+00
1.179218317866325361e+00
2.744522950649261439e+00
7.481351265907287384e+00
7.084268894195556499e+00
4.908654804229736435e+00
1.538508005142211976e+00
1.971647516489029028e+00
6.445220899581909357e+00
7.996527916193008068e-01
7.223387870788574361e+00
7.008272438049316655e+00
3.234138882160186856e+00
7.133706374168395925e+00
8.594226222038269469e+00
4.107904976606369107e-01
3.210062120854854650e-01
7.022108607292175009e+00
3.425132931768894440e-01
4.849231395721435689e+00
3.133136448860168510e+00
5.264256935119629333e+00
1.476090852022170941e+00
8.169181032180786062e+00
6.148746681213378418e-01
3.597122882306575953e-01
1.348995311260223318e+00
8.048192262649536133e+00
1.350751203298568681e+00
3.130567471981048566e+00
2.752488079071044869e+00
1.806208653450012136e+00
8.002827939987183115e+00
8.067664957046508434e+00
8.728732508420944392e-01
3.132747209072113126e+00
8.508060204982758057e-01
3.083565789461135687e-01
6.101779499053955114e+00
8.489269375801086426e+00
6.994187974929809926e+00
2.179095501899719345e+00
8.289348449707031108e+00
6.176225037574767818e+00
4.138063650131226012e+00
3.818783013820647998e+00
7.574878418445587513e-01
3.727830535173415893e-01
2.132245814800262540e+00
6.424329957962036097e+00
2.921003875732421928e+00
7.273808417320251074e+00
3.532963757514953507e+00
8.426264038085937713e+00
3.975047736167907519e+00
7.248402094841003063e+00
8.051682047843932821e+00
2.987271490693092502e-01
6.541928544044494309e+00
3.462221744060516304e+00
9.170609979629515962e+00
9.451289331912994252e-01
2.056290650367736728e+00
7.190663208961487030e+00
1.092129226326942426e+00
1.868087911605834872e+00
3.221164219379425209e+00
5.440303063392638805e+00
3.772606348991394132e+00
1.425237368345260602e+00
1.968245805501937840e+00
2.102906152009964114e+00
3.122894802093505895e+00
1.704477945566177377e+00
7.277702245712280416e+00
8.326906833648681783e+00
