4.690235199928284082e+00
6.399768071174621653e+00
3.039053258895874077e+00
7.405458464622497239e+00
6.479206571578979279e+00
7.890358993411064059e-01
6.283740596771240305e+00
3.929987420141696775e-01
1.816381407976150442e+00
4.684244513511657715e+00
6.603777012825012172e+00
3.498750796318054412e+00
6.331954236030578720e+00
3.997517337799072479e+00
4.710244336724281333e-01
3.760776096582412742e-01
5.521959233283996182e-01
4.049134026467799963e-01
9.504791945219039917e-01
1.725219613313675016e+00
2.856054586917162186e-01
3.921714465618133527e+00
6.707713675498962580e+00
2.222221279144287021e+00
8.984257757663727251e-01
5.311088994145393150e-01
7.355533921718597767e-01
3.834113922119140483e+00
5.273670463562011967e+00
3.241378867626190097e+00
5.413656368851661460e-01
3.042127346992492543e-01
4.494418697059154311e-01
3.787601890563964790e+00
6.748654966354370011e+00
3.016341552734374876e+00
7.520585036277770641e+00
7.843622326850890891e-01
2.821363751888275040e+00
1.123855702877044616e+00
2.943004260063171174e+00
8.517027988433838459e+00
1.999621500968933097e+00
7.920741982460022257e+00
7.463855094909668253e+00
1.303417575359344438e+00
3.660846755504608030e+00
6.802698655128478933e+00
1.511331282854080138e+00
6.289750699996948136e+00
2.200752708911895894e+00
7.700963301658630300e+00
6.765166454315185263e+00
1.750347608327865512e+00
3.295403032302856250e+00
7.996264390945434286e+00
6.358228092193603409e+00
2.016181802749633878e+00
5.538544178009033203e+00
6.855558757781982315e+00
2.187482860088348247e+00
3.674088056087494003e+00
5.386889743804931463e+00
5.778694849014282653e+00
6.938869490623473801e+00
3.476756501942873112e-01
2.619377334117889422e+00
2.824244046211242587e+00
2.551987166404724228e+00
3.664203431606292583e+00
6.465739421844482138e+00
2.077647447586059570e+00
2.478945336341857875e+00
1.531316510438919032e+00
5.151433777809143466e-01
6.447372570037841477e+00
3.730975008010864347e+00
2.009749597311019986e+00
6.862168946266174352e+00
3.328103647232055540e+00
8.482075676918029217e+00
7.123630990982055877e+00
7.879288763999938716e+00
4.768015060424804830e+00
7.812392145395279375e-01
7.722298469543456889e+00
4.826481947898864533e+00
3.175569622516631885e+00
7.881438307762145712e+00
1.178557112812995911e+00
2.122340650558471875e+00
3.110995593070983833e+00
7.401457920670508894e-01
