8.854917526245117188e+00
8.482837677001953125e+00
8.562203407287597656e+00
8.650509834289550781e+00
8.581893920898437500e+00
8.627894401550292969e+00
8.792637825012207031e+00
8.725064277648925781e+00
8.570649147033691406e+00
8.618697166442871094e+00
8.770608901977539062e+00
8.815509796142578125e+00
8.862046241760253906e+00
8.753369331359863281e+00
8.869217872619628906e+00
8.420930862426757812e+00
8.559365272521972656e+00
8.444224357604980469e+00
8.716052055358886719e+00
8.745087623596191406e+00
8.774842262268066406e+00
8.714466094970703125e+00
8.844238281250000000e+00
8.771034240722656250e+00
8.975573539733886719e+00
8.819067955017089844e+00
8.811485290527343750e+00
8.739701271057128906e+00
8.827713966369628906e+00
8.658041000366210938e+00
8.544762611389160156e+00
8.749892234802246094e+00
8.618906974792480469e+00
8.637391090393066406e+00
8.821613311767578125e+00
8.644053459167480469e+00
8.693234443664550781e+00
8.578052520751953125e+00
8.674336433410644531e+00
8.746511459350585938e+00
8.950596809387207031e+00
8.854422569274902344e+00
8.630285263061523438e+00
9.071111679077148438e+00
8.308315277099609375e+00
8.716649055480957031e+00
8.583912849426269531e+00
8.875711441040039062e+00
8.625977516174316406e+00
8.942671775817871094e+00
8.617142677307128906e+00
9.010891914367675781e+00
8.815815925598144531e+00
8.884539604187011719e+00
8.640663146972656250e+00
8.638110160827636719e+00
8.297750473022460938e+00
8.491420745849609375e+00
8.730723381042480469e+00
8.751914024353027344e+00
8.782040596008300781e+00
8.663050651550292969e+00
8.662771224975585938e+00
9.012265205383300781e+00
8.681545257568359375e+00
8.661298751831054688e+00
8.627557754516601562e+00
8.711915016174316406e+00
8.790898323059082031e+00
8.800105094909667969e+00
8.976664543151855469e+00
8.900156974792480469e+00
8.805464744567871094e+00
8.681678771972656250e+00
8.494364738464355469e+00
8.424599647521972656e+00
8.615955352783203125e+00
8.661044120788574219e+00
8.919646263122558594e+00
8.920264244079589844e+00
8.737246513366699219e+00
8.824992179870605469e+00
8.543085098266601562e+00
8.588726043701171875e+00
8.573778152465820312e+00
8.588826179504394531e+00
8.843261718750000000e+00
8.804801940917968750e+00
8.650112152099609375e+00
8.693941116333007812e+00
8.589580535888671875e+00
8.613652229309082031e+00
8.534350395202636719e+00
8.550776481628417969e+00
8.979553222656250000e+00
8.839698791503906250e+00
8.846806526184082031e+00
8.719824790954589844e+00
8.660237312316894531e+00
8.640974044799804688e+00
