2.834979891777038574e-01
3.044025897979736328e-01
4.561028480529785156e-01
4.142914116382598877e-01
2.524619698524475098e-01
4.215916395187377930e-01
4.357794523239135742e-01
6.039661765098571777e-01
3.227894306182861328e-01
3.980890512466430664e-01
5.116392374038696289e-01
4.352051615715026855e-01
4.117193818092346191e-01
3.320412039756774902e-01
5.622504949569702148e-01
4.283215403556823730e-01
5.603218674659729004e-01
5.498940348625183105e-01
4.307010769844055176e-01
7.394329309463500977e-01
4.251846075057983398e-01
5.528286099433898926e-01
3.278199434280395508e-01
3.234447240829467773e-01
3.904249966144561768e-01
3.608239293098449707e-01
3.337139487266540527e-01
4.551558494567871094e-01
2.698867619037628174e-01
5.187817215919494629e-01
6.532582640647888184e-01
4.855306148529052734e-01
4.017025232315063477e-01
5.894495844841003418e-01
5.901461839675903320e-01
5.796065330505371094e-01
6.616654396057128906e-01
7.711916565895080566e-01
3.839026689529418945e-01
6.138948202133178711e-01
2.890642285346984863e-01
4.543147087097167969e-01
3.752793669700622559e-01
4.165498018264770508e-01
4.053937792778015137e-01
3.885654807090759277e-01
4.688986539840698242e-01
5.344667434692382812e-01
7.000384926795959473e-01
4.719170928001403809e-01
3.910180032253265381e-01
4.429224133491516113e-01
3.578737378120422363e-01
7.890978455543518066e-01
5.546791553497314453e-01
4.805634617805480957e-01
5.620577335357666016e-01
2.848797738552093506e-01
4.450528621673583984e-01
5.164882540702819824e-01
5.023140311241149902e-01
3.574995994567871094e-01
4.714267849922180176e-01
6.047431230545043945e-01
3.763646483421325684e-01
8.057494759559631348e-01
8.917347788810729980e-01
4.730197787284851074e-01
4.835756421089172363e-01
3.207347393035888672e-01
5.066426992416381836e-01
5.933573842048645020e-01
4.596759676933288574e-01
4.069208502769470215e-01
3.437144160270690918e-01
3.101651072502136230e-01
4.615651965141296387e-01
6.764432787895202637e-01
3.153629302978515625e-01
5.450424551963806152e-01
3.723751604557037354e-01
6.790245771408081055e-01
7.316452860832214355e-01
4.309415221214294434e-01
3.285369575023651123e-01
5.052666664123535156e-01
4.405413866043090820e-01
7.924655079841613770e-01
2.420877814292907715e-01
4.985914826393127441e-01
4.777809977531433105e-01
3.031121492385864258e-01
6.016717553138732910e-01
2.804733514785766602e-01
1.180281162261962891e+00
5.455576777458190918e-01
6.246467232704162598e-01
6.539846062660217285e-01
5.364949703216552734e-01
6.589290499687194824e-01
