7.587561607360839844e+00
6.998515605926513672e+00
6.828213691711425781e+00
7.038965702056884766e+00
7.127347946166992188e+00
6.969245433807373047e+00
7.084930896759033203e+00
7.077983379364013672e+00
6.916438579559326172e+00
7.055881500244140625e+00
6.932687759399414062e+00
7.310608386993408203e+00
7.009666919708251953e+00
7.183190345764160156e+00
6.938841342926025391e+00
7.360323905944824219e+00
6.639611244201660156e+00
6.623847484588623047e+00
7.453973770141601562e+00
6.575651168823242188e+00
6.661908149719238281e+00
7.212483882904052734e+00
7.263852596282958984e+00
6.877943515777587891e+00
6.909899234771728516e+00
7.080858230590820312e+00
6.633674621582031250e+00
6.854130744934082031e+00
7.344072341918945312e+00
7.418372154235839844e+00
6.812644004821777344e+00
6.934944152832031250e+00
7.419075012207031250e+00
7.283755302429199219e+00
6.783871650695800781e+00
7.003721714019775391e+00
7.044641017913818359e+00
7.146758079528808594e+00
7.142500400543212891e+00
7.245291233062744141e+00
7.076206207275390625e+00
6.901158809661865234e+00
6.965970993041992188e+00
7.053212165832519531e+00
6.758909702301025391e+00
6.978610038757324219e+00
6.713022232055664062e+00
7.330122470855712891e+00
6.500130176544189453e+00
6.957513809204101562e+00
6.865713119506835938e+00
7.246836185455322266e+00
6.882133007049560547e+00
6.933632373809814453e+00
7.210271358489990234e+00
6.971278190612792969e+00
7.322862148284912109e+00
6.634160995483398438e+00
6.988774299621582031e+00
7.419233798980712891e+00
6.816354274749755859e+00
7.061984062194824219e+00
6.972564697265625000e+00
6.926307678222656250e+00
6.756102085113525391e+00
6.663717269897460938e+00
6.622861862182617188e+00
6.868796348571777344e+00
7.044133186340332031e+00
6.899572849273681641e+00
7.039040565490722656e+00
6.826749801635742188e+00
7.441126346588134766e+00
6.738093376159667969e+00
6.829730987548828125e+00
7.036673069000244141e+00
7.257472991943359375e+00
7.207561492919921875e+00
6.770270347595214844e+00
7.157294750213623047e+00
6.629720211029052734e+00
6.869144916534423828e+00
6.768853187561035156e+00
6.674837589263916016e+00
6.692802906036376953e+00
7.309047698974609375e+00
7.167547702789306641e+00
6.654221534729003906e+00
7.107761859893798828e+00
6.626216888427734375e+00
6.620759010314941406e+00
7.282637596130371094e+00
7.259056568145751953e+00
6.846335411071777344e+00
7.383176326751708984e+00
6.707872867584228516e+00
6.984196186065673828e+00
6.831018924713134766e+00
6.854178905487060547e+00
6.941475391387939453e+00
