2.258221358060836792e-01
5.375847220420837402e-01
5.776108503341674805e-01
5.123329162597656250e-01
4.565499424934387207e-01
3.047707676887512207e-01
4.050214290618896484e-01
5.423831939697265625e-01
3.851395249366760254e-01
4.246567487716674805e-01
3.621178865432739258e-01
3.659982085227966309e-01
3.512468934059143066e-01
3.924669921398162842e-01
6.926001310348510742e-01
3.760896027088165283e-01
5.222586989402770996e-01
3.728221654891967773e-01
3.697802722454071045e-01
8.860507011413574219e-01
4.019992351531982422e-01
4.487169981002807617e-01
2.447102963924407959e-01
3.185684680938720703e-01
4.096011519432067871e-01
4.295882582664489746e-01
4.796534180641174316e-01
5.093960165977478027e-01
9.092337489128112793e-01
4.786001443862915039e-01
3.619885742664337158e-01
4.430242180824279785e-01
4.211165904998779297e-01
5.357435941696166992e-01
5.453805923461914062e-01
4.822660684585571289e-01
4.511584639549255371e-01
3.996114432811737061e-01
4.006039202213287354e-01
5.790248513221740723e-01
4.830827713012695312e-01
4.172265529632568359e-01
5.010759234428405762e-01
4.253470301628112793e-01
5.347992777824401855e-01
4.028787612915039062e-01
3.311001360416412354e-01
5.716339945793151855e-01
9.157910346984863281e-01
5.475447177886962891e-01
3.591370582580566406e-01
2.849526107311248779e-01
4.799280762672424316e-01
7.870994806289672852e-01
4.362435340881347656e-01
3.512288928031921387e-01
6.847676634788513184e-01
3.009350895881652832e-01
4.254680275917053223e-01
6.073173284530639648e-01
6.040768027305603027e-01
5.434010624885559082e-01
5.873168706893920898e-01
5.963177084922790527e-01
3.329210281372070312e-01
6.405256390571594238e-01
7.660917639732360840e-01
3.319246172904968262e-01
5.077397227287292480e-01
3.539750576019287109e-01
3.614624142646789551e-01
5.199109315872192383e-01
3.779870867729187012e-01
4.555142521858215332e-01
4.238162636756896973e-01
4.341522455215454102e-01
4.395530819892883301e-01
4.386855363845825195e-01
3.223982453346252441e-01
5.165651440620422363e-01
3.203983008861541748e-01
4.407976865768432617e-01
7.414412498474121094e-01
4.091985821723937988e-01
4.369346499443054199e-01
5.349372625350952148e-01
4.456213116645812988e-01
6.880511045455932617e-01
4.031688570976257324e-01
3.253175616264343262e-01
4.338061809539794922e-01
3.305124342441558838e-01
4.475065469741821289e-01
4.131579399108886719e-01
8.175314664840698242e-01
4.442397356033325195e-01
4.270178675651550293e-01
4.288198351860046387e-01
4.169231057167053223e-01
4.220800697803497314e-01
