2.220903486013412476e-01
2.433520257472991943e-01
2.900618910789489746e-01
4.506556689739227295e-01
4.558975994586944580e-01
2.875951528549194336e-01
3.963223695755004883e-01
4.410037100315093994e-01
2.861983776092529297e-01
4.383856952190399170e-01
2.576138675212860107e-01
3.696062266826629639e-01
4.418402910232543945e-01
3.608069121837615967e-01
4.796120226383209229e-01
2.772727012634277344e-01
6.400755643844604492e-01
3.095009326934814453e-01
3.765503168106079102e-01
4.232313632965087891e-01
3.592194914817810059e-01
2.922562062740325928e-01
3.863762021064758301e-01
4.839581251144409180e-01
6.954354047775268555e-01
2.861825227737426758e-01
4.928512871265411377e-01
2.896798551082611084e-01
3.673006892204284668e-01
4.274922311305999756e-01
3.036658167839050293e-01
5.904307365417480469e-01
3.513015508651733398e-01
3.941680788993835449e-01
3.226304352283477783e-01
6.344187259674072266e-01
4.080897271633148193e-01
6.450988054275512695e-01
4.189937114715576172e-01
5.490823388099670410e-01
4.603949785232543945e-01
3.873813152313232422e-01
2.905511856079101562e-01
3.261892795562744141e-01
3.341311216354370117e-01
3.768041133880615234e-01
3.294919133186340332e-01
3.083676695823669434e-01
7.935847043991088867e-01
4.488155245780944824e-01
4.534167945384979248e-01
3.802412748336791992e-01
3.646268844604492188e-01
6.885279417037963867e-01
3.610512316226959229e-01
2.999567985534667969e-01
4.670159518718719482e-01
3.277231454849243164e-01
3.110188841819763184e-01
5.115771293640136719e-01
4.717484116554260254e-01
3.134856224060058594e-01
4.076409339904785156e-01
4.966094493865966797e-01
3.528874814510345459e-01
6.768922805786132812e-01
7.916721105575561523e-01
4.835355877876281738e-01
3.701432943344116211e-01
3.115326464176177979e-01
3.424248993396759033e-01
5.140583515167236328e-01
4.464687705039978027e-01
3.427418470382690430e-01
3.857605755329132080e-01
2.866974771022796631e-01
5.090408921241760254e-01
5.100846290588378906e-01
2.218024730682373047e-01
6.665083169937133789e-01
5.409834384918212891e-01
3.589439988136291504e-01
5.639344453811645508e-01
3.609579801559448242e-01
3.903513848781585693e-01
4.291422665119171143e-01
4.924629330635070801e-01
4.552113413810729980e-01
2.755248844623565674e-01
3.812160491943359375e-01
3.791824579238891602e-01
2.957964837551116943e-01
3.510579466819763184e-01
2.510779500007629395e-01
8.173447847366333008e-01
6.285009384155273438e-01
3.276550769805908203e-01
3.885480165481567383e-01
4.714198410511016846e-01
3.177545070648193359e-01
