1.667141802310943666e+00
8.090238494873046804e+00
7.952169852256774973e+00
1.238536517620086652e+00
8.417767653465270783e+00
7.311449842453003001e+00
8.826851453781127788e+00
8.115762072801590010e-01
3.252713830471039014e+00
4.109116365909576629e+00
2.953947703838348371e+00
3.157388541698455953e+00
7.811539810895919977e-01
6.003388936817646293e-01
7.691831141710281372e-01
3.742783348560333234e+00
7.361063785552978800e+00
8.817407245635985547e+00
7.413574452400207626e+00
8.904782972335816282e+00
4.614293475449084969e-01
3.417192015647888326e+00
6.685537500381469656e+00
3.535882227420807045e+00
1.436935455799102757e+00
6.608158636093139915e-01
1.354092355966568073e+00
6.500365056991577184e+00
6.766786074638366788e-01
7.283080118894577071e-01
3.179237527847289968e+00
7.991572856903076172e+00
3.097982010841369593e+00
7.099073481559753374e-01
7.517267794609069576e+00
6.385099086761474751e+00
8.336129093170165927e-01
5.990473642349242844e+00
8.533913750648498109e+00
4.510451054573058727e+00
9.587591236829757779e-01
1.046909683942794711e+00
1.782102172374725235e+00
2.767997157573700129e+00
2.913006350994109983e+00
8.478529176712036985e+00
7.844221979379654153e-01
6.928968510627746547e+00
7.432960243225097408e+00
4.711838746070862172e+00
8.905078124999999956e-01
3.413534958362579363e+00
1.557840268611907941e+00
1.878970384597778320e+00
4.822605047225952291e+00
5.710034766197204625e+00
6.516592006683350036e+00
8.374715662002563121e+00
2.716503555774688827e+00
4.444857025146484730e+00
9.153641813993453891e-01
4.041302940845489466e+00
7.605737811326980236e-01
7.332267537117004075e+00
9.552577996253966974e-01
5.296920943260192693e+00
6.969077877998351767e+00
1.859721982479095370e+00
7.279333572387695739e+00
2.282826737165450925e+00
7.061373338699341140e+00
3.224808772653341427e-01
3.443584115505218701e+00
7.589966554641723206e+00
8.401109490394592427e+00
7.883632965087890909e+00
1.388378199934959367e+00
2.127794744968414253e+00
3.917081184685230477e-01
7.722852258682251225e+00
2.239287338256835902e+00
7.457811822891235565e+00
7.552512845993041957e+00
7.020715122222900284e+00
8.307307343482971618e+00
1.260055986642837578e+00
3.442316787242889475e+00
7.024597134590148784e+00
7.188390412330627477e+00
3.580113937854767059e+00
3.709787580966949605e+00
6.049070434570312571e+00
6.907766981124877859e+00
