1.062881660461425781e+01
1.057409095764160156e+01
1.066491317749023438e+01
1.025276374816894531e+01
1.039314460754394531e+01
1.051510047912597656e+01
1.044745254516601562e+01
1.070891189575195312e+01
1.078531551361083984e+01
1.051871776580810547e+01
1.054600524902343750e+01
1.103095245361328125e+01
1.075271606445312500e+01
1.055544567108154297e+01
1.076981258392333984e+01
1.041957569122314453e+01
1.045065021514892578e+01
1.045565986633300781e+01
1.031032371520996094e+01
1.032352638244628906e+01
1.062000083923339844e+01
1.029893207550048828e+01
1.030774879455566406e+01
1.032855129241943359e+01
1.060402584075927734e+01
1.032757568359375000e+01
1.051940441131591797e+01
1.014243507385253906e+01
1.045397853851318359e+01
1.102789783477783203e+01
1.040984630584716797e+01
1.034476661682128906e+01
1.057748126983642578e+01
1.054824447631835938e+01
1.051661682128906250e+01
1.058940219879150391e+01
1.085920047760009766e+01
1.058404636383056641e+01
1.063507366180419922e+01
1.040366363525390625e+01
1.023101615905761719e+01
1.024547672271728516e+01
1.052033138275146484e+01
1.050997734069824219e+01
1.082398986816406250e+01
1.075021266937255859e+01
1.047709083557128906e+01
1.085986518859863281e+01
1.069480800628662109e+01
1.067499637603759766e+01
1.054279041290283203e+01
1.075466823577880859e+01
1.041989898681640625e+01
1.058979511260986328e+01
9.946261405944824219e+00
1.047044944763183594e+01
1.059365749359130859e+01
1.058914089202880859e+01
1.073264884948730469e+01
1.029601669311523438e+01
1.050839519500732422e+01
1.067808437347412109e+01
1.050230503082275391e+01
1.065351390838623047e+01
1.069509601593017578e+01
1.057883453369140625e+01
1.055399227142333984e+01
1.064777183532714844e+01
1.053240871429443359e+01
1.051948738098144531e+01
1.092692375183105469e+01
1.070098209381103516e+01
1.090833568572998047e+01
1.021795082092285156e+01
1.036955356597900391e+01
1.035180282592773438e+01
1.052268409729003906e+01
1.038629722595214844e+01
1.076460838317871094e+01
1.062446784973144531e+01
1.061252021789550781e+01
1.045680809020996094e+01
1.066678047180175781e+01
1.054330253601074219e+01
1.063792991638183594e+01
1.049996376037597656e+01
1.054934787750244141e+01
1.080313873291015625e+01
1.080834388732910156e+01
1.038981437683105469e+01
1.051905250549316406e+01
1.061928081512451172e+01
1.099004459381103516e+01
1.042356300354003906e+01
1.067280864715576172e+01
1.049139118194580078e+01
1.050764179229736328e+01
1.072104167938232422e+01
1.044796371459960938e+01
1.057999610900878906e+01
