7.959581375122070312e+00
7.839035034179687500e+00
7.724740505218505859e+00
7.390336990356445312e+00
7.774024486541748047e+00
7.408520698547363281e+00
7.893234729766845703e+00
7.654280185699462891e+00
8.167977333068847656e+00
7.923505306243896484e+00
7.736592292785644531e+00
8.121481895446777344e+00
8.098169326782226562e+00
7.885945320129394531e+00
7.727208137512207031e+00
7.802683830261230469e+00
7.557586193084716797e+00
7.731728076934814453e+00
7.944766521453857422e+00
7.222917556762695312e+00
8.037024497985839844e+00
7.586212635040283203e+00
7.504059791564941406e+00
7.750121116638183594e+00
7.765437602996826172e+00
7.679294586181640625e+00
7.563927173614501953e+00
7.787484169006347656e+00
7.613316059112548828e+00
7.612968444824218750e+00
7.776977539062500000e+00
7.678771495819091797e+00
7.865342140197753906e+00
7.414117336273193359e+00
7.969564914703369141e+00
7.818258285522460938e+00
7.904094219207763672e+00
7.584224224090576172e+00
7.976137638092041016e+00
7.677585601806640625e+00
7.345362663269042969e+00
7.733019351959228516e+00
8.110103607177734375e+00
8.013972282409667969e+00
7.922775745391845703e+00
8.129990577697753906e+00
7.778629302978515625e+00
8.054510116577148438e+00
7.997010707855224609e+00
7.569200992584228516e+00
7.856895446777343750e+00
7.900857925415039062e+00
7.930860519409179688e+00
8.054075241088867188e+00
7.774382591247558594e+00
8.097308158874511719e+00
7.878201007843017578e+00
7.668847560882568359e+00
7.999577522277832031e+00
7.979240417480468750e+00
7.811061382293701172e+00
7.630469322204589844e+00
7.613728523254394531e+00
7.524523258209228516e+00
7.745425224304199219e+00
7.809868812561035156e+00
7.751706600189208984e+00
7.534079074859619141e+00
7.583918094635009766e+00
7.908229827880859375e+00
7.699077129364013672e+00
7.869096755981445312e+00
7.370100021362304688e+00
7.882571697235107422e+00
7.555342674255371094e+00
7.961716651916503906e+00
7.471002101898193359e+00
8.195550918579101562e+00
7.805092334747314453e+00
7.563906192779541016e+00
8.147764205932617188e+00
7.691067218780517578e+00
7.306697368621826172e+00
7.890510082244873047e+00
7.875224590301513672e+00
7.786502838134765625e+00
7.684397697448730469e+00
8.128915786743164062e+00
8.027515411376953125e+00
7.967579841613769531e+00
8.169002532958984375e+00
7.845144748687744141e+00
7.539137363433837891e+00
7.688661575317382812e+00
7.785298347473144531e+00
7.394978046417236328e+00
8.302996635437011719e+00
7.454446315765380859e+00
7.940856456756591797e+00
7.524298191070556641e+00
