1.320579767227172852e+00
9.709419012069702148e-01
1.609630703926086426e+00
1.182967662811279297e+00
1.408056616783142090e+00
1.493089914321899414e+00
1.156253933906555176e+00
1.731480836868286133e+00
1.687247991561889648e+00
1.681398272514343262e+00
1.724922895431518555e+00
1.205324769020080566e+00
1.326940417289733887e+00
1.566623806953430176e+00
1.342590332031250000e+00
1.441603541374206543e+00
1.490183949470520020e+00
1.410543441772460938e+00
1.263694167137145996e+00
1.331142306327819824e+00
1.342555761337280273e+00
1.398416876792907715e+00
1.019800305366516113e+00
1.386132478713989258e+00
1.449893116950988770e+00
1.377341747283935547e+00
1.165239691734313965e+00
1.259767413139343262e+00
1.259570837020874023e+00
1.071931362152099609e+00
1.671025753021240234e+00
1.457560539245605469e+00
1.405641674995422363e+00
1.048128604888916016e+00
1.304531574249267578e+00
1.484121561050415039e+00
1.254290699958801270e+00
1.677417755126953125e+00
1.512814044952392578e+00
1.136473536491394043e+00
1.128484487533569336e+00
1.600170969963073730e+00
1.385227560997009277e+00
1.157639265060424805e+00
1.103207468986511230e+00
1.379385113716125488e+00
1.591524839401245117e+00
9.376419186592102051e-01
1.714527606964111328e+00
1.101479172706604004e+00
1.100539684295654297e+00
1.043765187263488770e+00
1.039533495903015137e+00
1.157670497894287109e+00
1.261453866958618164e+00
1.460937380790710449e+00
1.276066660881042480e+00
1.603215932846069336e+00
1.558771491050720215e+00
1.374356031417846680e+00
1.380654454231262207e+00
1.614441752433776855e+00
1.567524433135986328e+00
1.437635898590087891e+00
1.302439689636230469e+00
1.082731008529663086e+00
1.445050001144409180e+00
1.373885512351989746e+00
1.328360557556152344e+00
1.340326905250549316e+00
1.141032457351684570e+00
1.544690012931823730e+00
9.395458102226257324e-01
1.364177823066711426e+00
1.242399811744689941e+00
1.341711163520812988e+00
1.657578825950622559e+00
1.224869608879089355e+00
1.378011226654052734e+00
1.434867739677429199e+00
1.463491439819335938e+00
1.367136597633361816e+00
1.382348299026489258e+00
9.292150139808654785e-01
1.070358633995056152e+00
1.251848101615905762e+00
1.373772621154785156e+00
1.309270143508911133e+00
1.385714411735534668e+00
1.434794187545776367e+00
1.016948223114013672e+00
1.077801704406738281e+00
1.479322314262390137e+00
1.226459264755249023e+00
1.292344450950622559e+00
1.247673392295837402e+00
1.319790124893188477e+00
1.429798245429992676e+00
1.428891301155090332e+00
1.625929236412048340e+00
