1.084002208709716797e+01
1.092361354827880859e+01
1.074559116363525391e+01
1.069277858734130859e+01
1.069588375091552734e+01
1.073700237274169922e+01
1.061387157440185547e+01
1.046670913696289062e+01
1.062574768066406250e+01
1.074672317504882812e+01
1.074898910522460938e+01
1.049895381927490234e+01
1.059288883209228516e+01
1.052012062072753906e+01
1.065793037414550781e+01
1.087240409851074219e+01
1.034813690185546875e+01
1.069648170471191406e+01
1.069956207275390625e+01
1.059156513214111328e+01
1.050711727142333984e+01
1.073275470733642578e+01
1.054493713378906250e+01
1.067260551452636719e+01
1.065421390533447266e+01
1.069628906250000000e+01
1.078540325164794922e+01
1.034818458557128906e+01
1.090417098999023438e+01
1.072719669342041016e+01
1.064036178588867188e+01
1.074114704132080078e+01
1.076987361907958984e+01
1.087809181213378906e+01
1.073488235473632812e+01
1.099461746215820312e+01
1.069429779052734375e+01
1.079365539550781250e+01
1.091491317749023438e+01
1.064574146270751953e+01
1.061787414550781250e+01
1.026747608184814453e+01
1.069566154479980469e+01
1.104702091217041016e+01
1.067329406738281250e+01
1.074837684631347656e+01
1.064018344879150391e+01
1.088943481445312500e+01
1.054041004180908203e+01
1.088064956665039062e+01
1.060924339294433594e+01
1.097711372375488281e+01
1.089561843872070312e+01
1.079942035675048828e+01
1.058728981018066406e+01
1.065278911590576172e+01
1.078956699371337891e+01
1.060979366302490234e+01
1.077658271789550781e+01
1.022740840911865234e+01
1.043282413482666016e+01
1.056329250335693359e+01
1.086079216003417969e+01
1.069931793212890625e+01
1.052597236633300781e+01
1.060007572174072266e+01
1.088961124420166016e+01
1.062960815429687500e+01
1.046585464477539062e+01
1.087699890136718750e+01
1.096547794342041016e+01
1.066261959075927734e+01
1.035084819793701172e+01
1.060435485839843750e+01
1.094561767578125000e+01
1.054261779785156250e+01
1.064462947845458984e+01
1.076143741607666016e+01
1.067471218109130859e+01
1.028655815124511719e+01
1.057633876800537109e+01
1.075575065612792969e+01
1.097181606292724609e+01
1.055808258056640625e+01
1.051354122161865234e+01
1.067048072814941406e+01
1.111961174011230469e+01
1.063736534118652344e+01
1.108398628234863281e+01
1.023458671569824219e+01
1.081568813323974609e+01
1.070978832244873047e+01
1.057364082336425781e+01
1.087642574310302734e+01
1.068429851531982422e+01
1.073817539215087891e+01
1.094158077239990234e+01
1.053362464904785156e+01
1.088582134246826172e+01
1.044835567474365234e+01
