1.082647562026977539e+00
1.163317799568176270e+00
1.104010701179504395e+00
9.396123290061950684e-01
1.123899221420288086e+00
1.189254760742187500e+00
1.269747018814086914e+00
9.921580553054809570e-01
1.120226621627807617e+00
9.757642745971679688e-01
8.376125097274780273e-01
1.241572380065917969e+00
1.196286797523498535e+00
1.227388024330139160e+00
1.294040560722351074e+00
1.206288099288940430e+00
1.385949730873107910e+00
1.007512450218200684e+00
1.050263285636901855e+00
8.743623495101928711e-01
1.024957895278930664e+00
8.643069267272949219e-01
1.233751773834228516e+00
8.215028047561645508e-01
1.342720746994018555e+00
8.997200727462768555e-01
1.425048708915710449e+00
1.134510874748229980e+00
9.412583112716674805e-01
8.619570732116699219e-01
1.300204515457153320e+00
9.360902309417724609e-01
9.986748099327087402e-01
1.003878474235534668e+00
1.103158593177795410e+00
9.026501178741455078e-01
1.003856539726257324e+00
1.186458826065063477e+00
7.811958789825439453e-01
6.723544001579284668e-01
1.110974788665771484e+00
1.032265067100524902e+00
8.829393982887268066e-01
9.605203866958618164e-01
1.248414039611816406e+00
1.272611141204833984e+00
1.062114953994750977e+00
1.152007699012756348e+00
1.209290981292724609e+00
1.042678833007812500e+00
1.193412899971008301e+00
7.405267357826232910e-01
6.918382048606872559e-01
1.097513556480407715e+00
1.028726339340209961e+00
7.614257931709289551e-01
1.323226332664489746e+00
9.479852914810180664e-01
9.055120348930358887e-01
8.309940099716186523e-01
1.609353184700012207e+00
1.181201696395874023e+00
1.242395520210266113e+00
1.229344367980957031e+00
1.625438690185546875e+00
1.459845304489135742e+00
9.566267132759094238e-01
8.743048906326293945e-01
9.988148808479309082e-01
1.009391546249389648e+00
1.340664863586425781e+00
9.062055349349975586e-01
9.479058384895324707e-01
9.385820031166076660e-01
8.794943690299987793e-01
1.157471299171447754e+00
1.162317872047424316e+00
1.331371545791625977e+00
1.236964821815490723e+00
1.287236928939819336e+00
6.688253879547119141e-01
1.278118371963500977e+00
9.812366366386413574e-01
9.678592085838317871e-01
1.045731186866760254e+00
1.327506661415100098e+00
1.054703831672668457e+00
1.170394778251647949e+00
7.037237882614135742e-01
8.439797163009643555e-01
1.314859986305236816e+00
1.086093306541442871e+00
1.324177026748657227e+00
7.030775547027587891e-01
7.040122747421264648e-01
8.383694291114807129e-01
1.162862539291381836e+00
1.145104527473449707e+00
9.381664991378784180e-01
1.432732820510864258e+00
