1.602498353719711277e+00
1.359723423719406021e+00
2.294190677404403633e+00
2.264465140104293894e+00
6.359140634536743164e+00
6.097713229060173212e-01
7.192328839302063237e+00
3.933021292686462278e+00
2.637946846485137886e+00
4.853650307655334117e+00
7.052649207115173624e+00
7.001675820350646617e+00
5.792222189903259100e+00
1.550530205965042096e+00
6.774471473693847834e+00
7.737921705245971893e+00
6.507159938812256073e+00
1.760102227926254370e+00
3.458339446783065818e-01
1.604354072809219378e+00
3.265602781772613650e+00
1.333747785091400129e+00
6.556183190345763911e+00
5.720544031262397855e-01
6.667414970397949503e+00
2.999748401641845863e+00
1.189046527147293197e+00
2.894814734458923233e+00
1.225216289758682242e+00
4.118216166496276642e+00
8.123120683431624967e-01
3.940866467356681779e-01
2.233612893819808765e+00
3.522026627063751025e+00
6.715466790199279501e+00
2.544490287303924347e+00
4.455565668642521016e-01
7.174966936111450089e+00
7.399831211566925138e-01
3.504230375289917099e+00
8.384897935390472901e-01
6.321169509887694993e+00
3.411805791854858327e+00
2.688138649463653440e+00
3.852711136341095077e+00
6.956093664169311630e+00
7.949327850341797230e+00
5.975409059524536382e+00
1.074145520925521957e+00
7.994443106651306641e-01
3.523427140712738215e-01
7.031008839607238992e-01
6.896916872262954801e-01
7.304189467430115101e+00
7.014064135551453028e+00
3.633649222552776115e-01
5.055949106812477334e-01
2.685253584384918124e+00
7.628467044830322230e+00
7.508453931808471538e+00
8.468601336479187225e+00
7.534535974264144897e-01
7.665285372734070179e+00
6.175005378723144922e+00
7.069105277061462189e+00
6.903726129531860600e+00
1.604588245153427017e+00
7.411594610214233825e+00
1.439963191747665405e+00
3.703067317008972292e+00
1.867285916805267343e+00
4.889293693006038777e-01
6.562495818138122772e+00
4.254538178443908691e+00
6.656319384574890030e+00
1.425660234689712480e+00
7.436088986396789835e+00
3.689229223728180074e+00
3.859715087413787771e+00
3.405179502964019722e+00
5.689886775016784526e+00
7.317575826644897141e+00
5.946541862487793040e+00
3.127557146549224676e+00
2.585339052677154470e+00
8.589961910247803090e+00
6.864954714775085343e+00
7.451073035597801653e-01
1.285569288730621373e+00
4.093555576801300333e+00
3.249054970741271919e+00
6.531571345329284739e+00
4.315364040434360726e-01
