6.047390699386596680e-01
8.218178749084472656e-01
6.245000362396240234e-01
9.086112976074218750e-01
7.228293418884277344e-01
1.042012095451354980e+00
7.723495364189147949e-01
6.869391202926635742e-01
8.861103057861328125e-01
6.582223773002624512e-01
7.812921404838562012e-01
7.392276525497436523e-01
7.861605882644653320e-01
8.018609881401062012e-01
7.765675783157348633e-01
6.267235875129699707e-01
1.134999275207519531e+00
7.887937426567077637e-01
6.462978124618530273e-01
6.731323003768920898e-01
7.119505405426025391e-01
7.804197669029235840e-01
8.290140628814697266e-01
6.575372815132141113e-01
9.938600063323974609e-01
6.979852914810180664e-01
6.928859949111938477e-01
7.582818269729614258e-01
1.132709741592407227e+00
6.104345917701721191e-01
7.415317893028259277e-01
8.557791113853454590e-01
6.358568668365478516e-01
7.452294826507568359e-01
6.922464966773986816e-01
9.335031509399414062e-01
8.726309537887573242e-01
8.009142875671386719e-01
6.322253942489624023e-01
6.063840985298156738e-01
7.118508815765380859e-01
7.728887796401977539e-01
5.569459199905395508e-01
7.340968847274780273e-01
8.838612437248229980e-01
6.621048450469970703e-01
6.857516169548034668e-01
6.307628750801086426e-01
7.408883571624755859e-01
5.623093247413635254e-01
8.453612327575683594e-01
6.459884643554687500e-01
6.770175099372863770e-01
6.390875577926635742e-01
6.688692569732666016e-01
7.516897916793823242e-01
7.472301721572875977e-01
7.758793830871582031e-01
7.267265915870666504e-01
7.193521857261657715e-01
9.246842861175537109e-01
7.606409788131713867e-01
6.417113542556762695e-01
7.858827114105224609e-01
8.044261932373046875e-01
7.286385893821716309e-01
7.725872993469238281e-01
6.877243518829345703e-01
7.437962889671325684e-01
5.750027298927307129e-01
6.900210380554199219e-01
6.221485733985900879e-01
8.356181383132934570e-01
6.846442818641662598e-01
6.482749581336975098e-01
7.439366579055786133e-01
6.085911989212036133e-01
8.777799606323242188e-01
6.377885937690734863e-01
7.392198443412780762e-01
6.989790201187133789e-01
8.978621959686279297e-01
8.243383765220642090e-01
7.363891601562500000e-01
6.447977423667907715e-01
7.780517935752868652e-01
8.811377286911010742e-01
8.152715563774108887e-01
7.978734970092773438e-01
8.069954514503479004e-01
8.368521928787231445e-01
8.444548249244689941e-01
7.267144322395324707e-01
6.960484981536865234e-01
7.777236700057983398e-01
6.266132593154907227e-01
6.716958880424499512e-01
6.612797975540161133e-01
6.384615898132324219e-01
7.338142991065979004e-01
