1.385920882225036621e+00
1.277676820755004883e+00
1.770164966583251953e+00
1.223965644836425781e+00
1.675561666488647461e+00
1.347779035568237305e+00
1.215462446212768555e+00
1.672010540962219238e+00
1.713678598403930664e+00
1.804686784744262695e+00
2.141548395156860352e+00
1.185418367385864258e+00
1.464504718780517578e+00
1.671540617942810059e+00
1.369577765464782715e+00
1.611887931823730469e+00
1.643489241600036621e+00
1.448182344436645508e+00
1.380731463432312012e+00
1.464824676513671875e+00
1.583851933479309082e+00
1.442532062530517578e+00
9.513477683067321777e-01
1.321935176849365234e+00
1.679103136062622070e+00
1.429103016853332520e+00
1.449836611747741699e+00
1.587418675422668457e+00
1.202751636505126953e+00
1.398044347763061523e+00
1.446979284286499023e+00
1.766551613807678223e+00
1.320415019989013672e+00
1.114974975585937500e+00
1.439716458320617676e+00
1.646942853927612305e+00
1.607087612152099609e+00
1.582449436187744141e+00
1.399223566055297852e+00
1.365291118621826172e+00
1.250448822975158691e+00
1.506731867790222168e+00
1.363843917846679688e+00
1.509776115417480469e+00
1.393538117408752441e+00
1.279378652572631836e+00
1.683778524398803711e+00
1.198882341384887695e+00
1.532703995704650879e+00
1.246700644493103027e+00
1.216123104095458984e+00
1.059468269348144531e+00
9.593964219093322754e-01
1.254673242568969727e+00
1.264994144439697266e+00
1.390197396278381348e+00
1.506509065628051758e+00
1.727766752243041992e+00
1.404859066009521484e+00
1.625908493995666504e+00
1.451685547828674316e+00
1.634542703628540039e+00
1.641471624374389648e+00
1.385147690773010254e+00
1.719631314277648926e+00
1.375020146369934082e+00
1.645685791969299316e+00
1.685062289237976074e+00
1.086326122283935547e+00
1.442344307899475098e+00
9.856143593788146973e-01
1.730919241905212402e+00
1.505321621894836426e+00
1.435778617858886719e+00
1.426748275756835938e+00
1.329282879829406738e+00
1.940257668495178223e+00
1.196660518646240234e+00
1.570332050323486328e+00
1.357428073883056641e+00
1.712533473968505859e+00
1.381146788597106934e+00
1.594487428665161133e+00
1.233718037605285645e+00
1.152129530906677246e+00
1.398559808731079102e+00
1.593550562858581543e+00
1.280117750167846680e+00
1.303908824920654297e+00
1.444196224212646484e+00
9.505037069320678711e-01
1.114724040031433105e+00
1.351155996322631836e+00
1.329423666000366211e+00
1.412426233291625977e+00
1.523514509201049805e+00
1.378723621368408203e+00
1.616910099983215332e+00
1.352723717689514160e+00
1.700421690940856934e+00
