8.496528625488281250e+00
8.093575477600097656e+00
7.871746063232421875e+00
7.762271404266357422e+00
8.583060264587402344e+00
8.150499343872070312e+00
8.062209129333496094e+00
8.304976463317871094e+00
8.117458343505859375e+00
8.260284423828125000e+00
7.761103630065917969e+00
8.425658226013183594e+00
8.148714065551757812e+00
8.375274658203125000e+00
7.928227424621582031e+00
8.311014175415039062e+00
7.752973556518554688e+00
7.743056297302246094e+00
8.485317230224609375e+00
7.935697078704833984e+00
7.716695308685302734e+00
8.200542449951171875e+00
8.374786376953125000e+00
8.184878349304199219e+00
8.055059432983398438e+00
8.098095893859863281e+00
7.488951683044433594e+00
8.131810188293457031e+00
8.185861587524414062e+00
8.301587104797363281e+00
8.035978317260742188e+00
8.032512664794921875e+00
8.450309753417968750e+00
8.573414802551269531e+00
8.086571693420410156e+00
8.177050590515136719e+00
8.455462455749511719e+00
8.063032150268554688e+00
8.095602989196777344e+00
8.074868202209472656e+00
8.320894241333007812e+00
7.970636367797851562e+00
7.935570716857910156e+00
8.000385284423828125e+00
7.821720600128173828e+00
8.299703598022460938e+00
8.050906181335449219e+00
8.469076156616210938e+00
7.789356708526611328e+00
8.482035636901855469e+00
7.953013420104980469e+00
8.375883102416992188e+00
7.781352043151855469e+00
8.037524223327636719e+00
8.199000358581542969e+00
8.269042015075683594e+00
8.488348960876464844e+00
7.942791461944580078e+00
8.114639282226562500e+00
8.502866744995117188e+00
7.825713157653808594e+00
8.245518684387207031e+00
8.144505500793457031e+00
7.933522701263427734e+00
8.032048225402832031e+00
7.655125617980957031e+00
7.909826278686523438e+00
7.614348888397216797e+00
7.969075679779052734e+00
8.242051124572753906e+00
8.167304039001464844e+00
7.865019798278808594e+00
8.306262016296386719e+00
8.071977615356445312e+00
8.013221740722656250e+00
7.739889144897460938e+00
8.325209617614746094e+00
8.268652915954589844e+00
7.837512493133544922e+00
8.379171371459960938e+00
8.007682800292968750e+00
8.135812759399414062e+00
8.025452613830566406e+00
7.771892547607421875e+00
7.906310558319091797e+00
8.462862968444824219e+00
8.362298965454101562e+00
7.812268733978271484e+00
8.293270111083984375e+00
7.694696426391601562e+00
8.111197471618652344e+00
8.254849433898925781e+00
8.331169128417968750e+00
7.935560703277587891e+00
8.282609939575195312e+00
7.763998031616210938e+00
8.368881225585937500e+00
7.980010986328125000e+00
7.742086887359619141e+00
7.916779041290283203e+00
