8.825314521789550781e+00
8.822594642639160156e+00
8.819190025329589844e+00
8.848738670349121094e+00
8.871414184570312500e+00
9.091363906860351562e+00
9.123194694519042969e+00
9.196549415588378906e+00
8.841838836669921875e+00
8.758632659912109375e+00
9.129715919494628906e+00
9.095395088195800781e+00
8.988402366638183594e+00
8.974029541015625000e+00
9.043185234069824219e+00
8.868923187255859375e+00
8.810082435607910156e+00
8.970278739929199219e+00
9.073763847351074219e+00
8.804505348205566406e+00
9.091332435607910156e+00
8.972210884094238281e+00
8.884645462036132812e+00
8.812188148498535156e+00
8.900308609008789062e+00
9.205696105957031250e+00
8.832584381103515625e+00
9.055523872375488281e+00
9.222273826599121094e+00
8.847723960876464844e+00
8.939491271972656250e+00
8.899156570434570312e+00
9.069855690002441406e+00
8.745687484741210938e+00
9.166849136352539062e+00
9.029503822326660156e+00
8.937314033508300781e+00
9.092617034912109375e+00
9.281462669372558594e+00
8.763225555419921875e+00
8.870223999023437500e+00
9.169972419738769531e+00
8.794075012207031250e+00
9.232616424560546875e+00
8.703028678894042969e+00
9.097801208496093750e+00
8.757153511047363281e+00
9.010721206665039062e+00
8.979954719543457031e+00
9.179259300231933594e+00
8.695827484130859375e+00
9.040678024291992188e+00
9.079154014587402344e+00
8.927472114562988281e+00
8.600349426269531250e+00
8.954868316650390625e+00
8.874547004699707031e+00
9.045166969299316406e+00
8.988393783569335938e+00
8.935978889465332031e+00
9.065227508544921875e+00
8.988364219665527344e+00
9.048531532287597656e+00
9.065017700195312500e+00
9.192259788513183594e+00
8.902007102966308594e+00
8.794108390808105469e+00
8.904534339904785156e+00
9.064509391784667969e+00
9.014589309692382812e+00
9.152791976928710938e+00
9.341317176818847656e+00
9.101243019104003906e+00
9.174191474914550781e+00
8.796832084655761719e+00
8.843746185302734375e+00
8.941791534423828125e+00
9.071860313415527344e+00
9.090199470520019531e+00
9.264245986938476562e+00
8.936887741088867188e+00
9.108745574951171875e+00
9.353208541870117188e+00
9.172646522521972656e+00
8.949729919433593750e+00
8.916453361511230469e+00
9.110018730163574219e+00
9.123524665832519531e+00
8.958890914916992188e+00
8.946372032165527344e+00
9.183541297912597656e+00
9.010963439941406250e+00
8.949343681335449219e+00
8.776998519897460938e+00
9.098083496093750000e+00
8.873774528503417969e+00
9.087529182434082031e+00
8.998757362365722656e+00
9.133069992065429688e+00
8.995933532714843750e+00
