1.629792094230651855e+00
1.384500145912170410e+00
1.431311845779418945e+00
1.209007620811462402e+00
1.039447665214538574e+00
1.525438666343688965e+00
9.464178681373596191e-01
1.658628821372985840e+00
1.430568456649780273e+00
1.490372896194458008e+00
1.642266154289245605e+00
8.124168515205383301e-01
1.230267643928527832e+00
1.367418527603149414e+00
1.283766508102416992e+00
1.511110901832580566e+00
1.112705469131469727e+00
1.508169651031494141e+00
8.445790410041809082e-01
1.381771683692932129e+00
1.369037866592407227e+00
1.166463732719421387e+00
1.093180537223815918e+00
1.320701479911804199e+00
1.623256683349609375e+00
1.410567522048950195e+00
1.387785553932189941e+00
1.347853660583496094e+00
8.893073201179504395e-01
1.238727569580078125e+00
1.221514940261840820e+00
1.400996804237365723e+00
1.358231544494628906e+00
1.101202607154846191e+00
1.432785391807556152e+00
1.641313910484313965e+00
1.489850163459777832e+00
1.223127365112304688e+00
1.447440624237060547e+00
1.172843813896179199e+00
1.120268344879150391e+00
1.640366435050964355e+00
9.597864151000976562e-01
1.208907365798950195e+00
1.218029022216796875e+00
1.386524796485900879e+00
1.222412109375000000e+00
1.185530066490173340e+00
1.401592850685119629e+00
1.229646682739257812e+00
1.009262681007385254e+00
9.512407183647155762e-01
1.180369019508361816e+00
1.045855045318603516e+00
1.102922797203063965e+00
1.570187807083129883e+00
9.828079938888549805e-01
1.474839568138122559e+00
1.077723026275634766e+00
1.433048605918884277e+00
1.150869607925415039e+00
1.571487665176391602e+00
1.329708933830261230e+00
1.145064711570739746e+00
1.621881484985351562e+00
9.840447306632995605e-01
1.210757255554199219e+00
1.150109171867370605e+00
9.213991761207580566e-01
1.233445286750793457e+00
7.526376247406005859e-01
1.473382353782653809e+00
9.890703558921813965e-01
1.530755519866943359e+00
1.451364278793334961e+00
1.346770524978637695e+00
1.265926599502563477e+00
8.828903436660766602e-01
1.621427774429321289e+00
1.067082762718200684e+00
1.401840925216674805e+00
1.440472126007080078e+00
1.578317284584045410e+00
1.397401571273803711e+00
1.151972651481628418e+00
1.285083651542663574e+00
1.242043852806091309e+00
1.155508637428283691e+00
1.234582066535949707e+00
1.571921706199645996e+00
8.486639261245727539e-01
1.183517813682556152e+00
1.079669713973999023e+00
1.276841759681701660e+00
1.286905288696289062e+00
1.405598521232604980e+00
1.137022852897644043e+00
1.137897849082946777e+00
1.563692808151245117e+00
1.499803185462951660e+00
