7.763455867767333984e+00
7.536845207214355469e+00
7.848137378692626953e+00
8.032762527465820312e+00
7.225246429443359375e+00
7.558514595031738281e+00
8.049491882324218750e+00
7.353639125823974609e+00
7.695918560028076172e+00
7.749116420745849609e+00
7.904589653015136719e+00
7.637282848358154297e+00
7.535686969757080078e+00
7.446224689483642578e+00
7.810075283050537109e+00
7.298819541931152344e+00
7.848376750946044922e+00
7.872165203094482422e+00
7.944681167602539062e+00
7.822212219238281250e+00
7.471002578735351562e+00
7.625499725341796875e+00
8.010934829711914062e+00
7.651093006134033203e+00
7.470757007598876953e+00
7.665682792663574219e+00
7.671436309814453125e+00
7.540215015411376953e+00
7.726638793945312500e+00
7.542219638824462891e+00
8.156922340393066406e+00
7.622685909271240234e+00
8.050249099731445312e+00
7.899642467498779297e+00
8.094729423522949219e+00
7.518069267272949219e+00
7.913220882415771484e+00
7.612439155578613281e+00
7.654704570770263672e+00
7.534267902374267578e+00
7.691533565521240234e+00
7.716275215148925781e+00
7.746930599212646484e+00
7.631194591522216797e+00
8.038290977478027344e+00
7.800086975097656250e+00
7.544658184051513672e+00
7.697135448455810547e+00
7.642631530761718750e+00
7.491091251373291016e+00
8.102027893066406250e+00
7.933008670806884766e+00
7.911580085754394531e+00
7.505405902862548828e+00
7.697535037994384766e+00
7.796905040740966797e+00
7.848249435424804688e+00
7.793583393096923828e+00
7.966957569122314453e+00
7.862338542938232422e+00
7.576187133789062500e+00
7.710004329681396484e+00
7.812715053558349609e+00
7.837359905242919922e+00
7.699108600616455078e+00
7.838510513305664062e+00
7.964323520660400391e+00
8.118437767028808594e+00
7.838466167449951172e+00
7.859144210815429688e+00
7.761872768402099609e+00
7.840970039367675781e+00
7.725720882415771484e+00
7.827734947204589844e+00
7.716663360595703125e+00
8.256210327148437500e+00
7.458714485168457031e+00
7.187808036804199219e+00
7.882817268371582031e+00
7.934945583343505859e+00
7.515308856964111328e+00
7.667472362518310547e+00
7.646320819854736328e+00
7.527535915374755859e+00
7.408850193023681641e+00
7.722672939300537109e+00
8.079821586608886719e+00
7.379328250885009766e+00
7.666963100433349609e+00
8.366206169128417969e+00
7.960387706756591797e+00
7.634048938751220703e+00
7.417804241180419922e+00
7.533912181854248047e+00
7.473615169525146484e+00
8.075305938720703125e+00
7.272391319274902344e+00
8.039130210876464844e+00
7.624144077301025391e+00
7.418109416961669922e+00
