2.735252200499864172e-01 4.636216091704642439e-01 1.108963139584605795e+00 1.707824211347892973e+00
4.677315417555900190e+00 7.703006066052355827e+00 9.869763796160377467e+00 7.953498190444419080e+00
3.138212822971083504e+00 5.823912446905183948e+00 8.748191197730882607e+00 7.777066580518438244e+00
1.167018205659170693e+00 9.717196494356999947e-01 7.894359145600847727e-01 1.183584531177976018e+00
4.799799312661827244e+00 7.684854520855075144e+00 1.041009932053895959e+01 8.278782610996945124e+00
4.162550009937829643e+00 5.831549472899844488e+00 6.015537275483430868e+00 7.486332044537446606e+00
6.707480606731041739e+00 1.037870242701669454e+01 1.237666303112801813e+01 8.516498867507952042e+00
9.897178091009379841e-01 9.265427319711868615e-01 7.221128017219607953e-01 1.070408123457992744e+00
1.972807096484513911e+00 1.872562702561670678e+00 1.698650602167740553e+00 3.312199460138130380e+00
1.753184467347546516e+00 1.678189992349561344e+00 1.742283641820326023e+00 4.090800384226270126e+00
-1.006086999999999954e-01 -9.738480000000016013e-02 9.626525822063229654e-02 2.819866765272809772e+00
5.870991999999999322e-01 6.642212490162613392e-01 8.350469794186009542e-01 3.075319321989032684e+00
1.112383203307794055e+00 1.021331415329718162e+00 8.333281500576273926e-01 1.002253794933801956e+00
2.581970147636027946e-01 1.902470130986283758e-01 1.911293757409740224e-01 4.112417059358311477e-01
1.521653015591981906e-01 -1.685995119432096567e-01 -8.702820162949351235e-02 9.682537445535109866e-01
9.399580263056854790e-01 1.177361135522776214e+00 1.354402637929504216e+00 3.829094092409054628e+00
7.936514676500173060e+00 1.139216549804829448e+01 9.438674078634985420e+00 7.412721701124246110e+00
6.545830331242171951e+00 1.022540592269611182e+01 1.230000740790301350e+01 8.539620893981496152e+00
4.576095345077232146e+00 8.018742719710839850e+00 8.290663054728078407e+00 7.340503574082556604e+00
9.150899970569414066e+00 1.444527784111555135e+01 1.582512054562237225e+01 9.271271392123070498e+00
1.709331478789758718e-01 3.072959193179733983e-01 3.170009576730500322e-01 6.451408128055551305e-01
2.635059768380834999e+00 2.765183875122560586e+00 2.564647589773216829e+00 3.721128048191922222e+00
8.068243738649680807e+00 1.100262804920079773e+01 8.604418194704743783e+00 6.943704872344679480e+00
9.818517424861392673e-01 8.328707663630241509e-01 1.427293595558946082e+00 3.479702740680641782e+00
3.300909190852509556e-01 3.217939025137733222e-01 3.891343709684708663e-01 1.220684036882147661e+00
3.112330600795524260e-01 3.195981354745631720e-01 3.087612207546303056e-01 6.358745539030306038e-01
1.091644915188291209e+00 1.004001087029456896e+00 8.364144158490152137e-01 1.310528483934764399e+00
5.693287801850988927e+00 6.685143811736053543e+00 5.717244367714197750e+00 6.906470589662210280e+00
4.142241115391175899e-01 2.955564961596739426e-01 2.284952808864315066e-01 5.800113117966516629e-01
2.483890047798390510e-01 2.733225280258533840e-01 2.832549978115819211e-01 9.636874133449182533e-01
2.553289851082294781e+00 2.573358135102264743e+00 2.184850401022274458e+00 3.384752888560400130e+00
8.531102652315809109e+00 1.265425330929735992e+01 1.124958892295671298e+01 7.939196303896828510e+00
1.755198638816590773e-01 1.631735170369893184e-01 3.693262358999310768e-01 3.071392327554650858e+00
2.552416470335377996e-01 1.539735229560400265e-01 1.817496494324109813e-01 6.948970443171381683e-01
2.921848593537183181e+00 5.460072524508445824e+00 8.169761401594559658e+00 7.581717726782460254e+00
5.435277520706853771e+00 6.935123204431381083e+00 6.002490342155984315e+00 6.734398305727440359e+00
1.148199448251607357e+00 8.993435500538903282e-01 7.193051941578793018e-01 1.016067787530012589e+00
5.972856366382421456e+00 8.203529236175601369e+00 6.168167581102022012e+00 6.039664335054004241e+00
5.296445210565154937e+00 1.053189954278285789e+01 1.247180643919516818e+01 8.433883957961237243e+00
5.131773152570939800e+00 6.547688437840633036e+00 4.621337263057599287e+00 4.841070738018927067e+00
2.496210508597148381e-01 1.961997406601027893e-01 2.019108640670066457e-01 8.862166296430691315e-01
2.351608209297774699e-01 3.457672449706336582e-01 7.065331059468407116e-01 1.256470059587345700e+00
3.103789666735571884e-01 5.794205110619509158e-01 1.069751966843022428e+00 1.713367727265122209e+00
4.359008576749289210e-01 4.624527050423866137e-01 6.971509174830708977e-01 2.632211613933101546e+00
4.369974383305442189e-01 4.265080564035075850e-01 6.436466706877077559e-01 2.820347685580909758e+00
5.740242708529929239e+00 9.277174133649959131e+00 1.122193947352084464e+01 8.406305871256456896e+00
8.902102980024350076e-01 7.763307648522064230e-01 6.078028787611557959e-01 9.273020266176241755e-01
6.568600074361034657e+00 9.209262240317867665e+00 7.450848636060896091e+00 6.824417113828221915e+00
3.664337287245347241e+00 5.867128189390719228e+00 7.920896049573442177e+00 7.396917041654528902e+00
5.449308819731888853e+00 6.986868314025021398e+00 4.661012571677220606e+00 4.975743480106861405e+00
9.186528513891430991e-01 1.197440558354494478e+00 8.515193306357818903e-01 1.506715551538183373e+00
1.017189721437513406e+00 1.745797549960484307e+00 2.923585825705552921e+00 3.713623525863310348e+00
3.939486591056858278e-01 6.509171076830435609e-01 1.130882219471085914e+00 1.745201634369591304e+00
7.481596993257001449e-01 9.627226913863881075e-01 1.002547728640008851e+00 1.768683997807386499e+00
4.818757895407221881e+00 6.387946870865619964e+00 4.458290048657234550e+00 4.943395220098357079e+00
4.329481672341170650e+00 5.081660995313360019e+00 6.439846698040216921e+00 5.740969597549902659e+00
4.808146918637011602e+00 5.822140093100992786e+00 6.147554545621924937e+00 7.133788011041743538e+00
5.526629194753019725e+00 8.984765719717755061e+00 1.085900737273240857e+01 8.232894875365111886e+00
-1.009267999999998722e-01 -1.623064000000000728e-01 1.212461807593530477e-01 2.789985231326000736e+00
1.022981635614120588e+00 1.939954114159540666e+00 4.059965265263619116e+00 5.004753943916134595e+00
8.076770584576309364e-01 6.173169493904859806e-01 4.489471464001625889e-01 8.612361892937850927e-01
5.466026906981378275e+00 5.348718899450831898e+00 4.566515713483516592e+00 4.121277570267472434e+00
9.471332941351963131e-01 6.257262870372997110e-01 4.752805010741339431e-01 7.981889369607609863e-01
4.958568218939575445e+00 8.011990421757138492e+00 6.950140979508698358e+00 7.112350688989251601e+00
1.179659137667688817e+00 1.022766096909495603e+00 8.115791521254605012e-01 1.060734171167823980e+00
4.155067168463925320e+00 4.884850276240925382e+00 6.225699812068733685e+00 5.527214164441055289e+00
5.244079128955540625e+00 6.973883662381357595e+00 6.412141532324953097e+00 6.380640500200686738e+00
3.022720496324798889e-01 6.433833236302377578e-01 1.346446067595166829e+00 2.186347024511272163e+00
3.765691069306848160e+00 5.557859257145702614e+00 7.490657726061353827e+00 7.090648354987695079e+00
7.828309025867484783e-01 7.601289297876298034e-01 1.527106769763712846e+00 2.613529128065565033e+00
3.607527830548837411e+00 6.956361430437902449e+00 7.866934186591421074e+00 7.104137088829217461e+00
3.335466112387548421e-01 3.146805263432908006e-01 2.364446133362519409e-01 4.452706626134612100e-01
2.021938505317527390e+00 2.498183284537097038e+00 2.867996773338571614e+00 3.945732359027696923e+00
7.883123850921005094e+00 1.130656102643128946e+01 9.764504734444297895e+00 7.517645856117980863e+00
5.860443516235211092e+00 9.401322644076081758e+00 1.116130521302819467e+01 8.269614686414309190e+00
9.239189133697038869e+00 1.300927021877402012e+01 1.072801372240920159e+01 7.870843804826950674e+00
4.934507114839462583e-01 1.048539861846802035e+00 1.288576487304466944e+00 2.295723017259181820e+00
1.569824967053097264e+00 1.231662697627307290e+00 8.964376070322755963e-01 2.136635633970261683e+00
1.088963371370792604e-01 1.780057336319744443e-01 1.043576667639189992e-01 6.212901985055853116e-01
4.921023066385960654e+00 5.136202261218855369e+00 5.483505506928133322e+00 7.530334065162529456e+00
6.892370443043226436e-01 7.426345724361497203e-01 1.680730700000000022e+00 2.355243242403044945e+00
4.449935966806270571e+00 6.236293674395962050e+00 6.160702169299079323e+00 7.441204229132957870e+00
7.222833256400218005e+00 1.219399326232370129e+01 1.007275090495922143e+01 7.744246159349082781e+00
6.324226567806622512e+00 8.830648909087763343e+00 7.329653354826898060e+00 6.894436732739114504e+00
5.624582007542440643e+00 9.055442136700637690e+00 1.077906758413580235e+01 8.138533893846933154e+00
-1.002962000000000575e-01 -9.905410000000003379e-02 -3.098795366427013753e-02 1.189468456405453400e+00
1.754623765262255608e+00 2.452784043906532485e+00 2.863874888919410999e+00 4.008088728440175608e+00
7.568602931192762284e+00 1.068976868501187916e+01 8.882989307494799647e+00 7.262064272727269731e+00
4.875176261930998400e+00 8.213565362605315556e+00 7.059189755281351175e+00 6.984607259994992212e+00
2.216519395996236597e+00 2.219093790544548472e+00 2.153036608851221612e+00 3.767394190181478475e+00
9.984932960922607847e-01 1.463786386215017110e+00 1.875147485290553195e+00 3.809814446899277396e+00
7.041896583483426397e+00 9.241969498792304449e+00 6.986348072178166113e+00 6.347652368515133148e+00
2.422079307245067259e+00 4.393160520180646067e+00 6.755043837041248445e+00 7.152435282024828034e+00
