6.000615119934082031e+00
6.463630199432373047e+00
6.330116748809814453e+00
5.236664772033691406e+00
5.860192298889160156e+00
5.788565635681152344e+00
5.788840770721435547e+00
6.570137023925781250e+00
6.105279922485351562e+00
6.603636741638183594e+00
5.842943191528320312e+00
6.406738758087158203e+00
6.301760673522949219e+00
5.948254585266113281e+00
5.919721126556396484e+00
6.023397445678710938e+00
6.178187847137451172e+00
5.913168430328369141e+00
6.285530567169189453e+00
5.862144470214843750e+00
6.010393142700195312e+00
6.003504753112792969e+00
5.944448947906494141e+00
5.810943126678466797e+00
6.009390354156494141e+00
6.141054153442382812e+00
6.116316318511962891e+00
5.934121131896972656e+00
5.993293285369873047e+00
5.813456058502197266e+00
5.919908523559570312e+00
6.070076942443847656e+00
5.765606403350830078e+00
6.047343730926513672e+00
5.857491970062255859e+00
5.730926036834716797e+00
5.881289482116699219e+00
5.808855533599853516e+00
6.199579238891601562e+00
5.732034683227539062e+00
6.252524375915527344e+00
6.226724624633789062e+00
5.748249053955078125e+00
6.102279663085937500e+00
6.451693534851074219e+00
6.049837589263916016e+00
6.095356464385986328e+00
6.046514987945556641e+00
5.905161380767822266e+00
5.841215610504150391e+00
5.846941947937011719e+00
6.096122264862060547e+00
6.342306137084960938e+00
5.730539798736572266e+00
6.051564216613769531e+00
6.099734306335449219e+00
6.343205451965332031e+00
6.040036201477050781e+00
6.055335044860839844e+00
5.876050472259521484e+00
5.884378433227539062e+00
5.998176097869873047e+00
6.020077228546142578e+00
5.902323722839355469e+00
6.113913536071777344e+00
5.914602756500244141e+00
6.259153366088867188e+00
5.749416828155517578e+00
5.801402568817138672e+00
5.891982555389404297e+00
5.748905658721923828e+00
5.968878269195556641e+00
5.984917163848876953e+00
6.152825355529785156e+00
6.006098270416259766e+00
5.867195606231689453e+00
5.953890800476074219e+00
6.213139533996582031e+00
6.358813285827636719e+00
6.199580192565917969e+00
5.964655876159667969e+00
5.751050472259521484e+00
6.269536495208740234e+00
6.176423549652099609e+00
5.998669624328613281e+00
6.058851242065429688e+00
5.739864826202392578e+00
6.118155956268310547e+00
6.022271633148193359e+00
5.925722122192382812e+00
6.081549167633056641e+00
6.288017272949218750e+00
5.923914432525634766e+00
6.072214603424072266e+00
5.794082641601562500e+00
5.989201545715332031e+00
6.067923545837402344e+00
5.803441047668457031e+00
6.239496231079101562e+00
6.171099662780761719e+00
