7.463730335235595703e+00
7.376121520996093750e+00
7.422836303710937500e+00
7.497954845428466797e+00
7.409981727600097656e+00
7.213396549224853516e+00
7.530324459075927734e+00
7.527305603027343750e+00
7.934216499328613281e+00
7.417374134063720703e+00
7.617692947387695312e+00
7.364793300628662109e+00
7.859430313110351562e+00
7.571415424346923828e+00
7.375689506530761719e+00
7.556534767150878906e+00
7.496201038360595703e+00
7.765217781066894531e+00
7.683679580688476562e+00
7.131436824798583984e+00
7.559043407440185547e+00
7.523351669311523438e+00
7.165999889373779297e+00
7.716685295104980469e+00
7.322144985198974609e+00
7.329155921936035156e+00
7.554790019989013672e+00
7.792753696441650391e+00
7.339303493499755859e+00
7.427654743194580078e+00
7.577185630798339844e+00
7.448592662811279297e+00
7.425918102264404297e+00
7.720278739929199219e+00
7.397533416748046875e+00
7.439531326293945312e+00
7.290589332580566406e+00
7.357235908508300781e+00
7.346354007720947266e+00
7.189059257507324219e+00
7.181556224822998047e+00
7.738267421722412109e+00
7.258571624755859375e+00
7.282295227050781250e+00
7.365220546722412109e+00
7.779637813568115234e+00
7.576814651489257812e+00
7.434732913970947266e+00
7.626876354217529297e+00
7.575417518615722656e+00
7.603350162506103516e+00
7.470807552337646484e+00
7.659523963928222656e+00
7.188342094421386719e+00
7.467274665832519531e+00
7.284644126892089844e+00
7.656012058258056641e+00
7.386735916137695312e+00
7.546928405761718750e+00
7.281332492828369141e+00
7.418851375579833984e+00
7.655170440673828125e+00
7.425375461578369141e+00
7.337503910064697266e+00
7.349469184875488281e+00
7.162703037261962891e+00
7.913645267486572266e+00
7.354112625122070312e+00
7.507455348968505859e+00
7.455873489379882812e+00
7.363571166992187500e+00
7.563190460205078125e+00
7.327115535736083984e+00
7.174802303314208984e+00
7.477685451507568359e+00
7.409044265747070312e+00
7.502112388610839844e+00
7.290663719177246094e+00
7.418287277221679688e+00
7.308236598968505859e+00
7.220487594604492188e+00
7.388448238372802734e+00
7.546907424926757812e+00
7.539689064025878906e+00
7.778446674346923828e+00
7.545400142669677734e+00
7.397224426269531250e+00
7.555139541625976562e+00
7.247859001159667969e+00
7.634624481201171875e+00
7.232557773590087891e+00
7.636970520019531250e+00
7.557489395141601562e+00
7.216817855834960938e+00
7.825305461883544922e+00
7.262014865875244141e+00
7.651563167572021484e+00
7.373727321624755859e+00
7.593388557434082031e+00
7.385185241699218750e+00
