6.135617733001708984e+00
6.396849632263183594e+00
6.049486637115478516e+00
5.722815513610839844e+00
5.817372322082519531e+00
6.043769359588623047e+00
5.635544300079345703e+00
5.968297481536865234e+00
6.222892284393310547e+00
6.474916934967041016e+00
6.014924526214599609e+00
6.186460494995117188e+00
6.359552383422851562e+00
6.131335258483886719e+00
6.256937026977539062e+00
5.963340759277343750e+00
5.916295051574707031e+00
6.093626022338867188e+00
6.253507614135742188e+00
6.494900703430175781e+00
6.166172504425048828e+00
5.658000946044921875e+00
6.056892395019531250e+00
5.737711429595947266e+00
6.300119876861572266e+00
6.305178642272949219e+00
6.142879962921142578e+00
5.945913791656494141e+00
5.828139305114746094e+00
6.041011333465576172e+00
6.199511051177978516e+00
5.925528526306152344e+00
5.907999992370605469e+00
6.197437763214111328e+00
6.256575107574462891e+00
5.914289951324462891e+00
6.391685009002685547e+00
5.819669246673583984e+00
5.926808357238769531e+00
5.945352554321289062e+00
6.488860607147216797e+00
6.248074054718017578e+00
5.882214546203613281e+00
6.347444057464599609e+00
6.463016510009765625e+00
5.998413085937500000e+00
6.163666725158691406e+00
6.090520381927490234e+00
6.046627044677734375e+00
6.327214241027832031e+00
6.233144760131835938e+00
6.572894573211669922e+00
6.482763290405273438e+00
5.891058444976806641e+00
6.371784210205078125e+00
6.179339885711669922e+00
6.690186500549316406e+00
6.284907341003417969e+00
6.087752342224121094e+00
5.966227531433105469e+00
6.033698558807373047e+00
6.006692409515380859e+00
5.921133041381835938e+00
6.339526176452636719e+00
5.819243431091308594e+00
5.970345020294189453e+00
6.438444614410400391e+00
6.101278305053710938e+00
6.372797966003417969e+00
6.370997905731201172e+00
6.003193378448486328e+00
5.789884567260742188e+00
6.214227199554443359e+00
5.914206981658935547e+00
5.819196701049804688e+00
5.829258918762207031e+00
6.253761768341064453e+00
6.056126117706298828e+00
6.014362812042236328e+00
6.047666549682617188e+00
5.733241558074951172e+00
6.411878108978271484e+00
6.391321182250976562e+00
5.967733860015869141e+00
5.951041698455810547e+00
6.233520030975341797e+00
6.027606010437011719e+00
6.484556198120117188e+00
6.253979206085205078e+00
5.753620147705078125e+00
6.008640289306640625e+00
6.360770225524902344e+00
6.350156307220458984e+00
6.109028816223144531e+00
5.856352806091308594e+00
6.566050529479980469e+00
6.679311275482177734e+00
6.060945034027099609e+00
6.772930145263671875e+00
6.398896694183349609e+00
