8.715032577514648438e+00
8.217075347900390625e+00
8.286570549011230469e+00
8.250916481018066406e+00
8.957777023315429688e+00
8.494062423706054688e+00
8.267414093017578125e+00
8.626784324645996094e+00
8.459705352783203125e+00
8.526925086975097656e+00
8.156963348388671875e+00
8.654040336608886719e+00
8.467067718505859375e+00
8.526865959167480469e+00
8.349720954895019531e+00
8.722913742065429688e+00
8.069728851318359375e+00
7.877408027648925781e+00
8.823338508605957031e+00
8.285659790039062500e+00
8.081356048583984375e+00
8.630624771118164062e+00
8.447593688964843750e+00
8.277332305908203125e+00
8.331282615661621094e+00
8.451394081115722656e+00
7.762060642242431641e+00
8.382446289062500000e+00
8.482343673706054688e+00
8.548510551452636719e+00
8.224364280700683594e+00
8.269062995910644531e+00
8.904999732971191406e+00
8.547531127929687500e+00
8.236085891723632812e+00
8.498102188110351562e+00
8.433312416076660156e+00
8.356785774230957031e+00
8.426637649536132812e+00
8.211116790771484375e+00
8.401139259338378906e+00
8.372975349426269531e+00
8.094116210937500000e+00
8.138119697570800781e+00
8.011635780334472656e+00
8.316437721252441406e+00
8.486460685729980469e+00
8.660692214965820312e+00
8.200966835021972656e+00
8.616876602172851562e+00
8.029330253601074219e+00
8.474181175231933594e+00
8.200647354125976562e+00
8.328046798706054688e+00
8.660794258117675781e+00
8.297425270080566406e+00
8.718674659729003906e+00
8.086830139160156250e+00
8.223827362060546875e+00
8.812767982482910156e+00
8.193587303161621094e+00
8.470812797546386719e+00
8.275042533874511719e+00
8.288575172424316406e+00
8.388307571411132812e+00
7.931995391845703125e+00
8.169431686401367188e+00
8.079378128051757812e+00
8.248828887939453125e+00
8.391231536865234375e+00
8.485404014587402344e+00
8.384673118591308594e+00
8.731754302978515625e+00
8.452610015869140625e+00
8.283518791198730469e+00
7.846757411956787109e+00
8.441609382629394531e+00
8.470373153686523438e+00
8.254216194152832031e+00
8.659295082092285156e+00
8.015239715576171875e+00
8.522106170654296875e+00
8.234380722045898438e+00
8.127055168151855469e+00
7.929629325866699219e+00
8.968855857849121094e+00
8.535805702209472656e+00
8.058799743652343750e+00
8.342269897460937500e+00
8.017704010009765625e+00
8.305819511413574219e+00
8.456586837768554688e+00
8.699735641479492188e+00
8.110352516174316406e+00
8.519814491271972656e+00
7.857580184936523438e+00
8.560163497924804688e+00
8.073930740356445312e+00
7.973415851593017578e+00
8.157173156738281250e+00
