1.041293525695800781e+01
9.800806999206542969e+00
1.013202285766601562e+01
9.874340057373046875e+00
1.013871765136718750e+01
1.022083187103271484e+01
1.015607357025146484e+01
1.019378089904785156e+01
1.002680110931396484e+01
9.839866638183593750e+00
1.032337284088134766e+01
1.027244377136230469e+01
1.013840007781982422e+01
1.010505771636962891e+01
1.018956184387207031e+01
9.927858352661132812e+00
9.840888977050781250e+00
9.867570877075195312e+00
1.030143451690673828e+01
1.022616577148437500e+01
1.032081222534179688e+01
1.028282356262207031e+01
1.011879539489746094e+01
1.019764900207519531e+01
1.013737869262695312e+01
1.037449645996093750e+01
1.000650119781494141e+01
1.022328853607177734e+01
1.034736633300781250e+01
9.917921066284179688e+00
1.023648548126220703e+01
9.899364471435546875e+00
1.015509033203125000e+01
9.793265342712402344e+00
9.913414001464843750e+00
1.044426441192626953e+01
1.020425415039062500e+01
1.041158771514892578e+01
1.056875419616699219e+01
1.016914558410644531e+01
1.026831054687500000e+01
1.031182479858398438e+01
1.002444171905517578e+01
1.044525146484375000e+01
9.895468711853027344e+00
1.041540813446044922e+01
1.024851703643798828e+01
1.026325702667236328e+01
1.000880336761474609e+01
1.038135147094726562e+01
9.943489074707031250e+00
1.014922523498535156e+01
1.036339855194091797e+01
1.028535747528076172e+01
1.005730628967285156e+01
9.930378913879394531e+00
1.009803485870361328e+01
1.043465328216552734e+01
1.029277896881103516e+01
1.022828960418701172e+01
1.020032787322998047e+01
9.724256515502929688e+00
1.034648704528808594e+01
1.051288318634033203e+01
1.017644309997558594e+01
1.012942123413085938e+01
9.822694778442382812e+00
1.038626956939697266e+01
1.014946842193603516e+01
9.939321517944335938e+00
1.018528079986572266e+01
1.034112644195556641e+01
1.033657455444335938e+01
1.012950134277343750e+01
1.013766002655029297e+01
9.766430854797363281e+00
1.023321056365966797e+01
1.039327239990234375e+01
1.019162845611572266e+01
1.050471782684326172e+01
9.949503898620605469e+00
1.033440208435058594e+01
1.007638835906982422e+01
1.007756710052490234e+01
1.018844985961914062e+01
1.005442428588867188e+01
1.044102954864501953e+01
1.034904098510742188e+01
1.003875255584716797e+01
1.015116310119628906e+01
9.928949356079101562e+00
1.014281845092773438e+01
1.019362640380859375e+01
9.878987312316894531e+00
1.052544021606445312e+01
1.020808982849121094e+01
1.024201107025146484e+01
1.013891410827636719e+01
1.010836029052734375e+01
1.015623664855957031e+01
