6.060606479644775391e+00
6.319600105285644531e+00
6.126725196838378906e+00
5.431459426879882812e+00
5.999409198760986328e+00
5.957194328308105469e+00
6.048044204711914062e+00
6.172652721405029297e+00
6.137245655059814453e+00
6.585910320281982422e+00
5.637657642364501953e+00
6.234970092773437500e+00
6.156695842742919922e+00
6.263697624206542969e+00
6.115530490875244141e+00
5.884089946746826172e+00
5.873573303222656250e+00
6.106619834899902344e+00
6.350106239318847656e+00
5.891191482543945312e+00
5.879965782165527344e+00
5.817630290985107422e+00
5.967927455902099609e+00
5.872281074523925781e+00
6.220218181610107422e+00
6.185858249664306641e+00
5.869400978088378906e+00
5.926338672637939453e+00
5.854224681854248047e+00
5.987165451049804688e+00
5.769043922424316406e+00
5.958860397338867188e+00
5.956053733825683594e+00
5.908746719360351562e+00
6.024364471435546875e+00
5.764300346374511719e+00
6.149593353271484375e+00
5.930533885955810547e+00
5.860534667968750000e+00
5.848341941833496094e+00
6.054587364196777344e+00
6.423024177551269531e+00
5.786681652069091797e+00
5.898535728454589844e+00
6.068846702575683594e+00
6.100411891937255859e+00
5.610383033752441406e+00
6.008416175842285156e+00
5.953306674957275391e+00
6.043475151062011719e+00
5.998185634613037109e+00
6.254749774932861328e+00
6.098868370056152344e+00
5.876462936401367188e+00
6.178556442260742188e+00
6.467887878417968750e+00
6.311326980590820312e+00
5.907632827758789062e+00
6.326226711273193359e+00
5.738398551940917969e+00
5.775225639343261719e+00
5.972150802612304688e+00
6.037601470947265625e+00
5.938012599945068359e+00
5.894577026367187500e+00
5.974313735961914062e+00
6.181131839752197266e+00
6.161359310150146484e+00
6.147769927978515625e+00
6.232481479644775391e+00
6.031661987304687500e+00
5.573759078979492188e+00
6.207543849945068359e+00
6.027279853820800781e+00
5.900240421295166016e+00
5.799238204956054688e+00
6.173153400421142578e+00
6.025140285491943359e+00
6.013915061950683594e+00
6.239262580871582031e+00
5.779880523681640625e+00
6.179838180541992188e+00
6.193696498870849609e+00
6.256288528442382812e+00
5.836589336395263672e+00
6.026010990142822266e+00
5.802481174468994141e+00
6.262780189514160156e+00
6.096384048461914062e+00
5.947700500488281250e+00
5.913658142089843750e+00
5.955378055572509766e+00
5.943366050720214844e+00
5.856202125549316406e+00
5.829422473907470703e+00
6.150252342224121094e+00
6.212028503417968750e+00
6.124783992767333984e+00
6.286883354187011719e+00
6.078408241271972656e+00
