6.759696006774902344e+00
6.854262351989746094e+00
7.382849216461181641e+00
7.240383148193359375e+00
6.822868824005126953e+00
6.660026073455810547e+00
7.257606983184814453e+00
6.611168861389160156e+00
7.383274078369140625e+00
7.200262546539306641e+00
7.097426891326904297e+00
7.359317779541015625e+00
7.146923065185546875e+00
6.834193229675292969e+00
7.138805389404296875e+00
6.704916954040527344e+00
6.977913379669189453e+00
7.473686695098876953e+00
7.350181102752685547e+00
7.096473217010498047e+00
6.837668418884277344e+00
7.090602397918701172e+00
7.486121654510498047e+00
7.214220046997070312e+00
7.109538078308105469e+00
7.156568050384521484e+00
7.113667964935302734e+00
7.138023376464843750e+00
7.157308101654052734e+00
6.974060535430908203e+00
7.438014984130859375e+00
7.184203147888183594e+00
7.275664329528808594e+00
7.055779933929443359e+00
7.368862628936767578e+00
6.976652145385742188e+00
7.129309654235839844e+00
7.009901046752929688e+00
7.169881343841552734e+00
6.922133922576904297e+00
7.348808765411376953e+00
7.169626712799072266e+00
6.996984004974365234e+00
6.983364582061767578e+00
7.299115180969238281e+00
7.055417060852050781e+00
7.015592575073242188e+00
6.988091468811035156e+00
7.283838272094726562e+00
7.071291446685791016e+00
7.112589836120605469e+00
7.072089195251464844e+00
7.401869773864746094e+00
7.202468872070312500e+00
7.273114681243896484e+00
6.996577739715576172e+00
7.061635971069335938e+00
7.372662544250488281e+00
7.268118858337402344e+00
7.091040611267089844e+00
6.595774173736572266e+00
7.029398918151855469e+00
7.294219970703125000e+00
7.039041042327880859e+00
7.201816082000732422e+00
7.351676940917968750e+00
7.246855735778808594e+00
7.248151302337646484e+00
7.298789501190185547e+00
7.253002643585205078e+00
7.034846305847167969e+00
7.228906154632568359e+00
7.066872119903564453e+00
7.313000202178955078e+00
7.310046195983886719e+00
7.500190734863281250e+00
7.106534957885742188e+00
6.391343116760253906e+00
7.321341037750244141e+00
7.270780086517333984e+00
6.874840736389160156e+00
7.044688224792480469e+00
7.054285049438476562e+00
6.878520965576171875e+00
6.561759948730468750e+00
7.111513614654541016e+00
7.086080551147460938e+00
6.989935398101806641e+00
6.993558406829833984e+00
7.506943225860595703e+00
7.267296314239501953e+00
6.984620571136474609e+00
7.127784729003906250e+00
6.544120311737060547e+00
7.192082881927490234e+00
7.423345565795898438e+00
6.707453250885009766e+00
7.115458488464355469e+00
7.182478427886962891e+00
7.018556118011474609e+00
