9.756589889526367188e+00
9.790478706359863281e+00
1.000687980651855469e+01
9.507339477539062500e+00
9.712309837341308594e+00
9.968709945678710938e+00
9.853498458862304688e+00
9.938148498535156250e+00
9.851132392883300781e+00
9.782170295715332031e+00
9.758132934570312500e+00
1.021928501129150391e+01
9.918357849121093750e+00
9.816475868225097656e+00
1.017492008209228516e+01
9.915072441101074219e+00
9.520418167114257812e+00
9.741456985473632812e+00
9.976338386535644531e+00
9.859523773193359375e+00
9.612509727478027344e+00
9.683832168579101562e+00
9.676643371582031250e+00
9.676190376281738281e+00
9.857512474060058594e+00
9.684391975402832031e+00
9.800620079040527344e+00
9.578734397888183594e+00
9.987234115600585938e+00
9.966097831726074219e+00
9.735669136047363281e+00
9.520757675170898438e+00
1.002715969085693359e+01
9.840654373168945312e+00
9.773204803466796875e+00
9.730723381042480469e+00
1.016750335693359375e+01
9.660038948059082031e+00
9.807326316833496094e+00
9.816670417785644531e+00
9.668149948120117188e+00
9.570059776306152344e+00
9.704650878906250000e+00
9.741585731506347656e+00
9.959558486938476562e+00
9.972709655761718750e+00
9.662647247314453125e+00
9.879494667053222656e+00
1.006456375122070312e+01
1.001568031311035156e+01
9.945218086242675781e+00
9.963292121887207031e+00
9.799263000488281250e+00
9.584327697753906250e+00
9.479931831359863281e+00
9.912747383117675781e+00
9.722595214843750000e+00
9.956486701965332031e+00
1.003223800659179688e+01
9.426684379577636719e+00
9.764725685119628906e+00
1.000555992126464844e+01
9.601967811584472656e+00
1.029087352752685547e+01
9.854507446289062500e+00
9.576387405395507812e+00
9.979186058044433594e+00
9.870999336242675781e+00
9.647780418395996094e+00
9.480174064636230469e+00
1.016371059417724609e+01
9.635072708129882812e+00
1.004056835174560547e+01
9.708378791809082031e+00
9.578718185424804688e+00
9.563480377197265625e+00
9.945384025573730469e+00
9.879299163818359375e+00
1.004099655151367188e+01
1.009443759918212891e+01
9.756850242614746094e+00
9.945183753967285156e+00
9.856178283691406250e+00
9.854899406433105469e+00
9.633577346801757812e+00
9.801927566528320312e+00
9.902516365051269531e+00
1.018178272247314453e+01
1.004054546356201172e+01
9.600167274475097656e+00
9.661403656005859375e+00
9.916030883789062500e+00
1.012469005584716797e+01
9.739222526550292969e+00
9.813173294067382812e+00
9.584432601928710938e+00
9.799753189086914062e+00
9.906497001647949219e+00
9.763470649719238281e+00
9.565822601318359375e+00
