1.669645667076110840e+00
1.377475619316101074e+00
1.426813960075378418e+00
1.297898292541503906e+00
1.469389796257019043e+00
1.508138537406921387e+00
1.017900705337524414e+00
1.533950567245483398e+00
1.310671448707580566e+00
1.719434738159179688e+00
1.827771067619323730e+00
1.285142183303833008e+00
1.421586275100708008e+00
1.297264814376831055e+00
1.682336688041687012e+00
1.370771169662475586e+00
1.476989626884460449e+00
1.679622650146484375e+00
1.182180643081665039e+00
1.625281691551208496e+00
1.538026571273803711e+00
1.159931778907775879e+00
1.017559289932250977e+00
1.188058853149414062e+00
1.757228732109069824e+00
1.422928214073181152e+00
1.348428130149841309e+00
1.256805896759033203e+00
1.153054714202880859e+00
1.342986702919006348e+00
1.812364816665649414e+00
1.757813930511474609e+00
1.398334026336669922e+00
1.293387293815612793e+00
1.450672626495361328e+00
1.620682477951049805e+00
1.763219237327575684e+00
1.508554935455322266e+00
1.267004370689392090e+00
1.543245196342468262e+00
1.032281398773193359e+00
1.428241133689880371e+00
1.200769066810607910e+00
1.309114456176757812e+00
1.093022465705871582e+00
1.322743177413940430e+00
1.463243722915649414e+00
1.023585677146911621e+00
1.479917526245117188e+00
1.249439597129821777e+00
1.162715315818786621e+00
1.402602672576904297e+00
1.106006622314453125e+00
1.458218097686767578e+00
1.175034999847412109e+00
1.630078315734863281e+00
1.094163894653320312e+00
1.517645359039306641e+00
1.371855139732360840e+00
1.611381411552429199e+00
1.557901024818420410e+00
1.759108185768127441e+00
1.326815128326416016e+00
1.337903380393981934e+00
1.547680854797363281e+00
1.030819535255432129e+00
1.480701923370361328e+00
1.379415631294250488e+00
1.000970721244812012e+00
1.208709001541137695e+00
1.083268046379089355e+00
1.639808058738708496e+00
1.434244871139526367e+00
1.496056437492370605e+00
1.293417572975158691e+00
1.513633131980895996e+00
1.498561859130859375e+00
1.197303652763366699e+00
1.352513551712036133e+00
1.379771232604980469e+00
1.424603462219238281e+00
1.145413160324096680e+00
1.264514446258544922e+00
1.335397839546203613e+00
1.249931335449218750e+00
1.153786301612854004e+00
1.328988790512084961e+00
9.667711257934570312e-01
1.315690040588378906e+00
1.498844623565673828e+00
7.120695710182189941e-01
1.152950644493103027e+00
1.054472088813781738e+00
1.060460686683654785e+00
1.371280074119567871e+00
1.150757908821105957e+00
1.451809048652648926e+00
1.193820238113403320e+00
1.304947257041931152e+00
1.419187664985656738e+00
