9.622091293334960938e+00
9.766346931457519531e+00
9.832839965820312500e+00
9.458635330200195312e+00
9.558535575866699219e+00
9.823892593383789062e+00
9.390018463134765625e+00
9.525559425354003906e+00
9.338012695312500000e+00
9.566118240356445312e+00
9.428650856018066406e+00
9.492215156555175781e+00
9.626983642578125000e+00
9.463519096374511719e+00
9.457628250122070312e+00
9.567492485046386719e+00
9.613317489624023438e+00
9.329440116882324219e+00
9.235404968261718750e+00
9.352851867675781250e+00
9.215489387512207031e+00
9.255658149719238281e+00
9.306862831115722656e+00
9.343680381774902344e+00
9.558125495910644531e+00
9.093007087707519531e+00
9.521765708923339844e+00
9.396981239318847656e+00
9.742790222167968750e+00
9.742493629455566406e+00
9.376817703247070312e+00
9.497245788574218750e+00
1.012042140960693359e+01
9.612970352172851562e+00
9.541498184204101562e+00
9.284460067749023438e+00
9.577627182006835938e+00
9.734429359436035156e+00
9.888837814331054688e+00
9.613649368286132812e+00
9.555721282958984375e+00
9.785685539245605469e+00
9.611978530883789062e+00
9.511892318725585938e+00
9.736535072326660156e+00
9.596685409545898438e+00
9.559628486633300781e+00
9.566286087036132812e+00
9.587927818298339844e+00
9.748694419860839844e+00
9.268859863281250000e+00
9.484701156616210938e+00
9.564904212951660156e+00
9.473888397216796875e+00
9.597887039184570312e+00
9.300370216369628906e+00
9.532562255859375000e+00
9.300822257995605469e+00
9.724102973937988281e+00
9.713846206665039062e+00
9.346212387084960938e+00
9.665497779846191406e+00
9.531354904174804688e+00
9.499862670898437500e+00
9.546234130859375000e+00
9.413628578186035156e+00
9.610194206237792969e+00
9.517352104187011719e+00
9.325666427612304688e+00
9.479668617248535156e+00
9.998760223388671875e+00
9.452780723571777344e+00
9.649797439575195312e+00
9.710368156433105469e+00
9.659864425659179688e+00
9.432850837707519531e+00
9.924336433410644531e+00
9.639380455017089844e+00
9.432456016540527344e+00
9.649171829223632812e+00
9.905734062194824219e+00
9.470350265502929688e+00
9.492166519165039062e+00
9.486067771911621094e+00
9.513623237609863281e+00
9.732497215270996094e+00
9.335065841674804688e+00
9.840080261230468750e+00
9.947809219360351562e+00
9.740447998046875000e+00
9.393115043640136719e+00
9.233095169067382812e+00
9.861167907714843750e+00
9.802506446838378906e+00
9.601369857788085938e+00
9.293884277343750000e+00
9.736582756042480469e+00
9.747753143310546875e+00
9.596179008483886719e+00
9.553925514221191406e+00
