6.822556972503662109e+00
6.911493301391601562e+00
6.853829860687255859e+00
6.648533821105957031e+00
6.562318325042724609e+00
6.882190704345703125e+00
6.444517612457275391e+00
6.977028846740722656e+00
6.728015422821044922e+00
7.273481369018554688e+00
6.312075138092041016e+00
7.029513359069824219e+00
7.142119407653808594e+00
6.765413761138916016e+00
6.737174034118652344e+00
6.578836441040039062e+00
6.877924442291259766e+00
6.479863643646240234e+00
6.616399288177490234e+00
6.732041358947753906e+00
6.912417411804199219e+00
6.768548965454101562e+00
6.707711696624755859e+00
6.329200744628906250e+00
6.522940158843994141e+00
6.983228683471679688e+00
6.841419696807861328e+00
6.611129760742187500e+00
6.529996871948242188e+00
6.721438884735107422e+00
7.034318447113037109e+00
6.657006740570068359e+00
6.965104579925537109e+00
6.648271083831787109e+00
6.349362850189208984e+00
6.444254875183105469e+00
6.953174114227294922e+00
6.896785736083984375e+00
6.259830474853515625e+00
6.426077842712402344e+00
6.685798645019531250e+00
6.765706062316894531e+00
6.650166034698486328e+00
6.910907268524169922e+00
6.943649768829345703e+00
6.544303894042968750e+00
6.721261501312255859e+00
6.704541683197021484e+00
6.705498218536376953e+00
6.998082160949707031e+00
6.933461189270019531e+00
6.882018089294433594e+00
6.831511974334716797e+00
6.641281604766845703e+00
7.050552368164062500e+00
7.117063999176025391e+00
7.047656059265136719e+00
6.855526924133300781e+00
6.667453289031982422e+00
6.783281803131103516e+00
6.593261241912841797e+00
6.470201492309570312e+00
7.089218616485595703e+00
6.896960258483886719e+00
6.953530788421630859e+00
6.435873985290527344e+00
6.945384979248046875e+00
7.133860588073730469e+00
6.570095062255859375e+00
6.751596927642822266e+00
6.421197414398193359e+00
6.605134963989257812e+00
6.564263343811035156e+00
6.637323379516601562e+00
6.750769615173339844e+00
6.616272449493408203e+00
6.752684116363525391e+00
6.742504596710205078e+00
6.438333988189697266e+00
6.795047760009765625e+00
6.613706588745117188e+00
7.083014011383056641e+00
6.851642131805419922e+00
6.711041450500488281e+00
6.890573024749755859e+00
6.847311019897460938e+00
6.869307994842529297e+00
6.344966888427734375e+00
6.585111141204833984e+00
6.568624019622802734e+00
6.648691177368164062e+00
6.884479045867919922e+00
7.065462589263916016e+00
6.509068012237548828e+00
6.327067375183105469e+00
6.964755058288574219e+00
7.068671703338623047e+00
6.379103660583496094e+00
6.824161052703857422e+00
6.865959644317626953e+00
