3.767826259136199951e-01
6.183542013168334961e-01
5.525162220001220703e-01
5.264981389045715332e-01
6.338449120521545410e-01
3.366218209266662598e-01
3.374207615852355957e-01
4.970417022705078125e-01
4.189910292625427246e-01
4.843751788139343262e-01
5.538365840911865234e-01
5.485023856163024902e-01
5.704089403152465820e-01
7.345184087753295898e-01
5.413373708724975586e-01
4.616167545318603516e-01
7.248112559318542480e-01
5.130746960639953613e-01
4.134506583213806152e-01
6.465655565261840820e-01
3.493124246597290039e-01
3.982998132705688477e-01
3.386305868625640869e-01
7.922878265380859375e-01
4.873377084732055664e-01
3.203721046447753906e-01
6.997700333595275879e-01
3.474975228309631348e-01
3.815318644046783447e-01
5.519105195999145508e-01
3.131839036941528320e-01
4.949062466621398926e-01
5.743842124938964844e-01
3.637338876724243164e-01
5.467965602874755859e-01
4.806824326515197754e-01
4.196099638938903809e-01
5.816916227340698242e-01
5.853075385093688965e-01
5.307053327560424805e-01
8.296538591384887695e-01
6.245938539505004883e-01
6.320508122444152832e-01
4.876888990402221680e-01
7.252081036567687988e-01
4.584510922431945801e-01
4.695652127265930176e-01
5.638308525085449219e-01
5.269451737403869629e-01
1.024849534034729004e+00
4.664496183395385742e-01
4.173524677753448486e-01
3.925357460975646973e-01
3.014344573020935059e-01
6.621208190917968750e-01
2.421112060546875000e-01
6.183400750160217285e-01
7.374053001403808594e-01
5.401359796524047852e-01
3.480554819107055664e-01
5.623706579208374023e-01
3.266530632972717285e-01
9.857480525970458984e-01
5.926811695098876953e-01
6.089675426483154297e-01
7.883193492889404297e-01
4.165497422218322754e-01
8.048543334007263184e-01
5.084828734397888184e-01
6.250997781753540039e-01
5.410632491111755371e-01
4.982426166534423828e-01
5.509477257728576660e-01
4.484530091285705566e-01
4.755254983901977539e-01
4.673703312873840332e-01
6.616501212120056152e-01
4.899103045463562012e-01
5.049534440040588379e-01
2.380633056163787842e-01
5.734563469886779785e-01
4.237582087516784668e-01
5.223895311355590820e-01
4.816514253616333008e-01
6.435729265213012695e-01
5.497381091117858887e-01
8.950263261795043945e-01
6.566162705421447754e-01
3.669301867485046387e-01
6.714318990707397461e-01
5.722801685333251953e-01
3.867291212081909180e-01
4.844846129417419434e-01
5.830285549163818359e-01
4.896596074104309082e-01
6.848183274269104004e-01
4.292948246002197266e-01
6.806605458259582520e-01
5.070227384567260742e-01
5.257453918457031250e-01
