0.302 0.164 2.000 119.000 8.000 -0.005
0.379 0.211 2.000 120.000 8.000 -0.014
0.446 0.254 2.000 121.000 8.000 -0.036
0.477 0.129 2.000 122.000 8.000 -0.088
0.919 0.184 2.000 125.000 8.000 -0.007
1.074 0.230 2.000 126.000 8.000 -0.021
1.129 0.285 2.000 127.000 8.000 -0.059
0.738 0.812 2.000 128.000 8.000 0.189
0.786 0.715 2.000 129.000 8.000 0.334
0.790 0.922 2.000 130.000 8.000 0.129
1.022 0.727 2.000 132.000 8.000 0.423
1.148 0.316 2.000 133.000 8.000 -0.149
1.209 0.195 2.000 134.000 8.000 -0.309
1.076 0.293 2.000 135.000 8.000 -0.393
0.685 0.258 2.000 136.000 8.000 -0.195
0.973 0.301 2.000 137.000 8.000 -0.086
1.092 0.297 2.000 138.000 8.000 -0.212
1.167 0.254 2.000 139.000 8.000 -0.381
0.932 0.293 2.000 140.000 8.000 -0.334
0.762 0.199 2.000 141.000 8.000 -0.010
0.872 0.250 2.000 142.000 8.000 -0.031
0.493 0.168 2.000 143.000 8.000 -0.004
0.602 0.207 2.000 144.000 8.000 -0.013
0.579 0.945 2.000 145.000 8.000 -0.032
0.337 1.453 2.000 146.000 8.000 -0.017
0.970 0.895 2.000 147.000 8.000 0.317
0.274 1.047 2.000 148.000 8.000 -0.003
0.685 0.133 2.000 149.000 8.000 -0.136
0.512 0.164 2.000 151.000 8.000 -0.133
0.263 2.047 2.000 152.000 8.000 -0.012
0.307 0.789 2.000 153.000 8.000 -0.053
0.290 3.148 2.000 154.000 8.000 -0.018
0.297 0.715 2.000 155.000 8.000 0.009
0.345 3.160 2.000 156.000 8.000 -0.021
0.990 0.730 2.000 158.000 8.000 -0.018
0.890 0.750 2.000 160.000 8.000 -0.042
0.809 0.750 2.000 162.000 8.000 -0.083
0.298 0.973 2.000 163.000 8.000 -0.012
1.112 0.215 2.000 164.000 8.000 -0.017
1.018 0.258 2.000 165.000 8.000 -0.043
0.975 0.289 2.000 166.000 8.000 -0.100
0.496 0.480 2.000 168.000 8.000 0.112
0.337 0.980 2.000 169.000 8.000 -0.013
0.295 0.988 2.000 170.000 8.000 -0.011
0.947 0.160 2.000 171.000 8.000 -0.196
0.287 0.910 2.000 172.000 8.000 -0.008
0.816 0.254 2.000 173.000 8.000 -0.268
0.271 0.914 2.000 174.000 8.000 -0.009
0.501 0.246 2.000 175.000 8.000 -0.166
0.485 0.840 2.000 176.000 8.000 0.008
1.118 0.289 2.000 177.000 8.000 -0.199
1.091 0.246 2.000 178.000 8.000 -0.339
0.808 0.289 2.000 180.000 8.000 -0.306
0.536 0.930 2.000 182.000 8.000 -0.059
0.238 0.641 2.000 183.000 8.000 -0.007
1.163 0.203 2.000 184.000 8.000 -0.012
1.180 0.254 2.000 185.000 8.000 -0.034
1.116 0.301 2.000 186.000 8.000 -0.088
0.238 2.254 2.000 187.000 8.000 -0.001
0.274 0.145 2.000 188.000 8.000 -0.005
0.310 0.176 2.000 189.000 8.000 -0.011
0.349 0.059 2.000 190.000 8.000 -0.026
0.375 0.516 2.000 191.000 8.000 0.128
0.258 0.062 2.000 192.000 8.000 -0.024
0.394 2.148 2.000 193.000 8.000 -0.054
0.407 2.207 2.000 194.000 8.000 -0.088
0.357 1.699 2.000 195.000 8.000 -0.079
0.301 1.641 2.000 196.000 8.000 0.002
0.288 2.102 2.000 197.000 8.000 -0.018
0.339 2.082 2.000 199.000 8.000 -0.030
0.458 0.562 2.000 200.000 8.000 -0.019
0.339 3.234 2.000 201.000 8.000 -0.040
0.333 0.570 2.000 202.000 8.000 -0.026
0.364 1.562 2.000 203.000 8.000 -0.033
0.890 0.707 2.000 204.000 8.000 -0.014
0.747 0.711 2.000 206.000 8.000 -0.031
0.588 0.586 2.000 208.000 8.000 -0.054
0.252 0.039 2.000 209.000 8.000 -0.009
0.319 1.559 2.000 212.000 8.000 0.001
0.260 0.605 2.000 213.000 8.000 0.055
0.414 0.086 2.000 214.000 8.000 -0.064
0.720 0.266 2.000 215.000 8.000 -0.222
0.307 0.086 2.000 216.000 8.000 -0.043
0.595 0.914 2.000 217.000 8.000 0.116
0.255 3.375 2.000 218.000 8.000 -0.018
1.033 0.703 2.000 219.000 8.000 0.459
0.674 0.262 2.000 220.000 8.000 -0.039
0.771 0.305 2.000 221.000 8.000 -0.107
0.939 0.176 2.000 222.000 8.000 -0.255
1.000 0.281 2.000 223.000 8.000 -0.383
0.468 0.215 2.000 224.000 8.000 -0.014
0.529 0.266 2.000 225.000 8.000 -0.041
0.592 0.289 2.000 226.000 8.000 -0.111
0.722 0.203 2.000 227.000 8.000 -0.249
0.376 0.168 2.000 228.000 8.000 -0.004
0.249 0.125 2.000 229.000 8.000 -0.001
0.748 0.281 2.000 230.000 8.000 -0.312
0.482 0.223 2.000 231.000 8.000 -0.105
0.574 0.867 2.000 232.000 8.000 0.212
1.015 0.734 2.000 233.000 8.000 0.514
0.505 0.738 2.000 234.000 8.000 -0.175
0.471 0.234 2.000 235.000 8.000 -0.184
0.291 0.164 2.000 236.000 8.000 -0.024
0.516 0.613 2.000 237.000 8.000 0.213
1.510 0.375 2.000 238.000 8.500 -0.101
1.755 0.430 2.000 239.000 8.500 -0.281
2.154 0.273 2.000 240.000 8.500 -0.665
2.184 0.410 2.000 241.000 8.500 -0.890
0.558 0.078 2.000 242.000 8.500 -0.027
0.617 1.453 2.000 243.000 8.500 -0.035
2.093 0.379 2.000 244.000 8.500 -0.106
2.220 0.434 2.000 245.000 8.500 -0.281
2.525 0.418 2.000 246.000 8.500 -0.652
2.569 0.938 2.000 247.000 8.500 0.997
2.886 0.816 2.000 248.000 8.500 1.418
2.372 0.949 2.000 249.000 8.500 0.813
0.714 2.352 2.000 250.000 8.500 -0.042
2.870 0.750 2.000 251.000 8.500 1.292
2.635 0.406 2.000 252.000 8.500 -0.960
2.217 0.387 2.000 253.000 8.500 -0.657
1.516 0.320 2.000 254.000 8.500 -0.120
1.745 0.980 2.000 255.000 8.500 0.355
2.620 0.320 2.000 256.000 8.500 -0.832
2.498 0.414 2.000 257.000 8.500 -0.892
1.900 0.359 2.000 258.000 8.500 -0.395
1.435 1.012 2.000 259.000 8.500 0.127
2.161 0.402 2.000 260.000 8.500 -0.153
2.333 0.441 2.000 261.000 8.500 -0.402
1.952 0.355 2.000 262.000 8.500 -0.072
2.177 0.418 2.000 263.000 8.500 -0.201
2.081 0.965 2.000 264.000 8.500 0.589
0.847 1.000 2.000 265.000 8.500 0.174
2.691 0.926 2.000 266.000 8.500 1.072
1.147 1.004 2.000 267.000 8.500 0.473
2.441 0.395 2.000 268.000 8.500 -0.763
0.914 0.352 2.000 269.000 8.500 -0.195
1.570 0.348 2.000 270.000 8.500 -0.265
1.053 0.312 2.000 271.000 8.500 -0.344
1.803 0.953 2.000 272.000 8.500 0.290
0.998 3.574 2.000 273.000 8.500 -0.316
2.109 0.906 2.000 274.000 8.500 0.688
0.744 3.523 2.000 275.000 8.500 -0.092
0.621 0.281 2.000 276.000 8.500 -0.057
2.380 0.418 2.000 277.000 8.500 -0.244
0.708 2.090 2.000 278.000 8.500 -0.102
2.646 0.422 2.000 279.000 8.500 -0.496
0.862 1.648 2.000 280.000 8.500 -0.145
2.775 0.328 2.000 281.000 8.500 -0.786
0.886 1.730 2.000 282.000 8.500 -0.134
2.224 0.422 2.000 283.000 8.500 -0.232
2.516 0.430 2.000 284.000 8.500 -0.517
2.729 0.348 2.000 285.000 8.500 -0.861
0.542 0.250 2.000 286.000 8.500 -0.029
2.583 0.750 2.000 287.000 8.500 1.107
0.736 3.438 2.000 288.000 8.500 -0.048
0.672 1.176 2.000 289.000 8.500 0.086
2.490 0.402 2.000 290.000 8.500 -0.815
0.820 1.625 2.000 291.000 8.500 -0.065
1.805 0.355 2.000 292.000 8.500 -0.348
0.731 3.348 2.000 293.000 8.500 -0.032
1.674 0.992 2.000 294.000 8.500 0.179
2.242 0.949 2.000 295.000 8.500 0.656
2.553 0.410 2.000 296.000 8.500 -0.897
1.973 0.363 2.000 297.000 8.500 -0.450
0.579 2.016 2.000 298.000 8.500 -0.037
1.413 1.012 2.000 299.000 8.500 0.065
0.689 2.027 2.000 300.000 8.500 -0.055
2.052 0.965 2.000 301.000 8.500 0.528
0.783 1.562 2.000 302.000 8.500 -0.069
2.106 0.410 2.000 303.000 8.500 -0.174
2.372 0.438 2.000 304.000 8.500 -0.429
2.666 0.320 2.000 305.000 8.500 -0.829
1.017 0.316 2.000 306.000 8.500 -0.037
1.201 0.383 2.000 307.000 8.500 -0.110
1.434 0.430 2.000 308.000 8.500 -0.302
1.810 0.309 2.000 309.000 8.500 -0.681
2.524 0.773 2.000 310.000 8.500 1.154
1.142 0.320 2.000 311.000 8.500 -0.206
1.795 0.410 2.000 312.000 8.500 -0.792
1.342 0.348 2.000 313.000 8.500 -0.330
1.199 0.941 2.000 314.000 8.500 0.185
2.015 0.938 2.000 315.000 8.500 0.652
1.431 0.355 2.000 316.000 8.500 -0.592
1.931 0.398 2.000 317.000 8.500 -0.188
1.339 0.406 2.000 318.000 8.500 -0.596
1.973 0.395 2.000 319.000 8.500 -0.437
0.940 0.316 2.000 320.000 8.500 -0.194
1.787 0.383 2.000 321.000 8.500 -0.578
1.033 0.965 2.000 322.000 8.500 0.223
2.406 0.406 2.000 323.000 8.500 -0.212
0.798 0.316 2.000 324.000 8.500 -0.038
2.541 0.418 2.000 325.000 8.500 -0.423
0.940 0.383 2.000 326.000 8.500 -0.107
2.539 0.312 2.000 327.000 8.500 -0.699
1.147 0.418 2.000 328.000 8.500 -0.283
0.631 0.305 2.000 329.000 8.500 -0.035
0.756 0.359 2.000 330.000 8.500 -0.086
1.587 0.945 2.000 331.000 8.500 0.632
2.047 0.836 2.000 332.000 8.500 1.082
1.997 0.387 2.000 333.000 8.500 -0.592
1.779 0.992 2.000 334.000 8.500 0.318
1.307 0.980 2.000 335.000 8.500 -0.041
2.397 0.957 2.000 336.000 8.500 0.792
1.573 0.898 2.000 337.000 8.500 0.294
2.992 0.738 2.000 338.000 8.500 1.291
2.394 0.438 2.000 339.000 8.500 -0.515
2.610 0.383 2.000 340.000 8.500 -0.921
2.307 0.402 2.000 341.000 8.500 -0.745
1.601 0.332 2.000 342.000 8.500 -0.186
2.022 0.426 2.000 343.000 8.500 -0.245
2.355 0.426 2.000 344.000 8.500 -0.605
2.465 0.410 2.000 345.000 8.500 -0.932
2.064 0.387 2.000 346.000 8.500 -0.597
1.780 0.367 2.000 347.000 8.500 -0.088
1.272 0.309 2.000 348.000 8.500 -0.033
1.373 0.309 2.000 349.000 8.500 -0.028
2.015 0.973 2.000 350.000 8.500 0.468
2.687 0.941 2.000 351.000 8.500 0.964
3.123 0.824 2.000 352.000 8.500 1.440
1.753 0.367 2.000 353.000 8.500 -0.463
1.260 0.988 2.000 354.000 8.500 0.094
2.149 0.941 2.000 355.000 8.500 0.584
2.793 0.930 2.000 356.000 8.500 1.094
5.098 0.500 2.000 357.000 9.000 -1.975
5.158 0.512 2.000 363.000 9.000 -2.071
4.808 0.504 2.000 364.000 9.000 -1.567
5.206 0.523 2.000 379.000 9.000 -2.089
4.762 0.410 2.000 381.000 9.000 -1.681
5.085 0.520 2.000 382.000 9.000 -1.920
3.989 0.504 2.000 395.000 9.000 -1.453
5.435 0.512 2.000 396.000 9.000 -1.811
4.450 0.469 2.000 398.000 9.000 -1.010
5.244 0.512 2.000 402.000 9.000 -1.823
4.163 0.461 2.000 403.000 9.000 -0.896
4.496 0.520 2.000 405.000 9.000 -2.004
5.280 0.523 2.000 422.000 9.000 -2.038
4.311 0.473 2.000 423.000 9.000 -1.075
4.329 0.543 2.000 425.000 9.000 -1.127
5.147 0.516 2.000 426.000 9.000 -2.027
5.606 0.516 2.000 436.000 9.000 -1.902
5.693 0.516 2.000 442.000 9.000 -1.884
4.456 0.531 2.000 443.000 9.000 -1.361
4.897 0.484 2.000 444.000 9.000 -1.228
5.109 0.523 2.000 445.000 9.000 -2.007
4.446 0.422 2.000 448.000 9.000 -1.703
4.762 0.520 2.000 449.000 9.000 -1.846
4.921 0.512 2.000 462.000 9.000 -1.722
4.961 0.461 2.000 466.000 9.000 -1.866
4.155 0.547 2.000 467.000 9.000 -0.955
1.023 0.391 2.000 595.000 8.686 -0.054
1.586 0.312 2.000 596.000 8.686 -0.063
0.982 2.457 2.000 597.000 8.686 -0.051
2.005 0.324 2.000 598.000 8.686 -0.068
0.982 2.457 2.000 599.000 8.686 -0.051
2.176 0.328 2.000 600.000 8.686 -0.067
1.487 0.293 2.000 601.000 8.686 -0.101
2.308 0.312 2.000 602.000 8.686 -0.125
1.305 0.281 2.000 603.000 8.686 -0.093
3.112 0.320 2.000 604.000 8.686 -0.141
1.249 0.277 2.000 605.000 8.686 -0.090
3.764 0.324 2.000 606.000 8.686 -0.154
2.637 0.371 2.000 607.000 8.686 -0.132
3.104 0.336 2.000 608.000 8.686 -0.159
2.453 0.363 2.000 609.000 8.686 -0.120
3.608 0.344 2.000 610.000 8.686 -0.172
2.311 0.359 2.000 611.000 8.686 -0.116
3.979 0.395 2.000 612.000 8.686 -0.171
3.792 0.387 2.000 613.000 8.686 -0.166
4.955 0.391 2.000 614.000 8.686 -0.180
3.766 0.379 2.000 615.000 8.686 -0.156
5.973 0.383 2.000 616.000 8.686 -0.176
3.711 0.379 2.000 617.000 8.686 -0.150
6.228 0.383 2.000 618.000 8.686 -0.174
4.424 0.391 2.000 619.000 8.686 -0.178
5.560 0.379 2.000 620.000 8.686 -0.163
3.952 0.391 2.000 621.000 8.686 -0.174
5.449 0.371 2.000 622.000 8.686 -0.151
4.028 0.391 2.000 623.000 8.686 -0.172
5.132 0.371 2.000 624.000 8.686 -0.145
4.750 0.375 2.000 625.000 8.686 -0.155
4.405 0.355 2.000 626.000 8.686 -0.126
4.010 0.387 2.000 627.000 8.686 -0.168
3.659 0.348 2.000 628.000 8.686 -0.114
3.561 0.391 2.000 629.000 8.686 -0.167
3.388 0.344 2.000 630.000 8.686 -0.111
4.967 0.348 2.000 631.000 8.686 -0.123
3.213 0.324 2.000 632.000 8.686 -0.099
5.597 0.359 2.000 633.000 8.686 -0.140
2.644 0.316 2.000 634.000 8.686 -0.092
5.466 0.371 2.000 635.000 8.686 -0.154
2.487 0.312 2.000 636.000 8.686 -0.090
2.422 0.359 2.000 637.000 8.769 -0.130
3.124 0.387 2.000 638.000 8.769 -0.163
2.113 0.352 2.000 639.000 8.769 -0.118
3.588 0.395 2.000 640.000 8.769 -0.182
2.014 0.348 2.000 641.000 8.769 -0.115
4.125 0.398 2.000 642.000 8.769 -0.187
1.967 0.344 2.000 643.000 8.769 -0.113
4.576 0.395 2.000 644.000 8.769 -0.186
3.661 0.379 2.000 645.000 8.769 -0.164
4.809 0.395 2.000 646.000 8.769 -0.195
3.249 0.371 2.000 647.000 8.769 -0.149
5.829 0.395 2.000 648.000 8.769 -0.203
3.079 0.367 2.000 649.000 8.769 -0.144
6.324 0.391 2.000 650.000 8.769 -0.202
3.006 0.363 2.000 651.000 8.769 -0.141
6.463 0.391 2.000 652.000 8.769 -0.202
4.308 0.395 2.000 653.000 8.769 -0.185
5.410 0.395 2.000 654.000 8.769 -0.195
3.962 0.387 2.000 655.000 8.769 -0.172
5.828 0.391 2.000 656.000 8.769 -0.188
3.768 0.383 2.000 657.000 8.769 -0.166
5.652 0.387 2.000 658.000 8.769 -0.182
3.664 0.383 2.000 659.000 8.769 -0.163
5.484 0.387 2.000 660.000 8.769 -0.178
4.967 0.395 2.000 661.000 8.769 -0.196
5.481 0.387 2.000 662.000 8.769 -0.183
4.685 0.395 2.000 663.000 8.769 -0.191
5.081 0.379 2.000 664.000 8.769 -0.169
4.645 0.395 2.000 665.000 8.769 -0.186
4.751 0.379 2.000 666.000 8.769 -0.163
4.580 0.391 2.000 667.000 8.769 -0.183
4.624 0.375 2.000 668.000 8.769 -0.161
5.280 0.391 2.000 669.000 8.769 -0.193
4.819 0.375 2.000 670.000 8.769 -0.162
4.918 0.398 2.000 671.000 8.769 -0.201
4.105 0.363 2.000 672.000 8.769 -0.147
4.875 0.398 2.000 673.000 8.769 -0.201
3.863 0.363 2.000 674.000 8.769 -0.143
4.959 0.398 2.000 675.000 8.769 -0.201
3.772 0.359 2.000 676.000 8.769 -0.140
3.590 0.391 2.000 677.000 8.887 -0.195
4.623 0.414 2.000 678.000 8.887 -0.245
3.138 0.383 2.000 679.000 8.887 -0.177
5.296 0.422 2.000 680.000 8.887 -0.273
2.991 0.379 2.000 681.000 8.887 -0.172
6.072 0.422 2.000 682.000 8.887 -0.281
2.922 0.375 2.000 683.000 8.887 -0.170
6.749 0.422 2.000 684.000 8.887 -0.280
5.397 0.406 2.000 685.000 8.887 -0.246
7.057 0.418 2.000 686.000 8.887 -0.293
4.800 0.398 2.000 687.000 8.887 -0.224
8.531 0.418 2.000 688.000 8.887 -0.305
4.551 0.395 2.000 689.000 8.887 -0.216
9.239 0.414 2.000 690.000 8.887 -0.304
4.447 0.395 2.000 691.000 8.887 -0.212
9.441 0.414 2.000 692.000 8.887 -0.303
6.335 0.418 2.000 693.000 8.887 -0.277
7.926 0.418 2.000 694.000 8.887 -0.293
5.838 0.414 2.000 695.000 8.887 -0.258
8.546 0.414 2.000 696.000 8.887 -0.282
5.553 0.410 2.000 697.000 8.887 -0.249
8.320 0.414 2.000 698.000 8.887 -0.273
5.407 0.410 2.000 699.000 8.887 -0.245
8.066 0.414 2.000 700.000 8.887 -0.268
7.315 0.422 2.000 701.000 8.887 -0.294
8.068 0.414 2.000 702.000 8.887 -0.275
6.893 0.422 2.000 703.000 8.887 -0.286
7.498 0.406 2.000 704.000 8.887 -0.253
6.830 0.418 2.000 705.000 8.887 -0.279
7.042 0.406 2.000 706.000 8.887 -0.244
6.742 0.418 2.000 707.000 8.887 -0.274
6.828 0.402 2.000 708.000 8.887 -0.241
7.785 0.418 2.000 709.000 8.887 -0.290
7.123 0.402 2.000 710.000 8.887 -0.242
7.223 0.422 2.000 711.000 8.887 -0.302
6.106 0.395 2.000 712.000 8.887 -0.221
7.157 0.422 2.000 713.000 8.887 -0.301
5.736 0.391 2.000 714.000 8.887 -0.214
7.279 0.422 2.000 715.000 8.887 -0.302
5.603 0.391 2.000 716.000 8.887 -0.211
5.779 0.414 2.000 717.000 8.951 -0.272
7.635 0.422 2.000 718.000 8.951 -0.314
5.038 0.406 2.000 719.000 8.951 -0.248
8.630 0.422 2.000 720.000 8.951 -0.317
4.778 0.402 2.000 721.000 8.951 -0.239
8.657 0.422 2.000 722.000 8.951 -0.310
4.677 0.402 2.000 723.000 8.951 -0.236
8.473 0.418 2.000 724.000 8.951 -0.306
4.620 0.402 2.000 725.000 8.951 -0.234
8.335 0.418 2.000 726.000 8.951 -0.302
6.777 0.422 2.000 727.000 8.951 -0.302
8.140 0.422 2.000 728.000 8.951 -0.317
6.044 0.418 2.000 729.000 8.951 -0.279
8.187 0.418 2.000 730.000 8.951 -0.303
5.740 0.414 2.000 731.000 8.951 -0.269
7.772 0.418 2.000 732.000 8.951 -0.294
5.593 0.414 2.000 733.000 8.951 -0.265
7.569 0.414 2.000 734.000 8.951 -0.290
5.527 0.410 2.000 735.000 8.951 -0.262
7.472 0.414 2.000 736.000 8.951 -0.288
7.526 0.426 2.000 737.000 8.951 -0.320
7.937 0.418 2.000 738.000 8.951 -0.302
6.982 0.422 2.000 739.000 8.951 -0.308
7.221 0.410 2.000 740.000 8.951 -0.279
6.707 0.422 2.000 741.000 8.951 -0.299
6.823 0.410 2.000 742.000 8.951 -0.270
6.546 0.418 2.000 743.000 8.951 -0.295
6.640 0.406 2.000 744.000 8.951 -0.266
6.456 0.418 2.000 745.000 8.951 -0.293
6.569 0.406 2.000 746.000 8.951 -0.264
6.989 0.422 2.000 747.000 9.004 -0.324
8.133 0.422 2.000 748.000 9.004 -0.337
6.182 0.418 2.000 749.000 9.004 -0.300
7.883 0.418 2.000 750.000 9.004 -0.321
5.860 0.414 2.000 751.000 9.004 -0.290
7.507 0.418 2.000 752.000 9.004 -0.311
5.734 0.414 2.000 753.000 9.004 -0.286
7.314 0.418 2.000 754.000 9.004 -0.307
5.667 0.414 2.000 755.000 9.004 -0.284
7.215 0.414 2.000 756.000 9.004 -0.305
5.625 0.414 2.000 757.000 9.004 -0.283
7.175 0.414 2.000 758.000 9.004 -0.304
9.151 0.438 2.000 759.000 9.087 -0.432
10.645 0.438 2.000 760.000 9.087 -0.450
8.097 0.434 2.000 761.000 9.087 -0.400
10.356 0.434 2.000 762.000 9.087 -0.428
7.681 0.430 2.000 763.000 9.087 -0.387
9.808 0.434 2.000 764.000 9.087 -0.415
7.522 0.430 2.000 765.000 9.087 -0.381
9.598 0.430 2.000 766.000 9.087 -0.410
7.441 0.430 2.000 767.000 9.087 -0.379
9.493 0.430 2.000 768.000 9.087 -0.407
7.393 0.430 2.000 769.000 9.087 -0.377
9.429 0.430 2.000 770.000 9.087 -0.405
