0.643 0.160 2.000 119.000 8.000 -0.007
0.704 0.203 2.000 120.000 8.000 -0.023
0.764 0.242 2.000 121.000 8.000 -0.066
0.845 0.102 2.000 122.000 8.000 -0.171
1.197 0.227 2.000 125.000 8.000 -0.006
1.194 0.273 2.000 126.000 8.000 -0.017
1.080 0.324 2.000 127.000 8.000 -0.045
0.413 1.168 2.000 128.000 8.000 0.024
0.345 1.062 2.000 129.000 8.000 0.072
0.520 1.262 2.000 130.000 8.000 0.016
0.552 1.055 2.000 132.000 8.000 0.169
0.899 0.359 2.000 133.000 8.000 -0.108
0.827 1.055 2.000 134.000 8.000 -0.220
0.731 0.312 2.000 135.000 8.000 -0.299
0.653 1.547 2.000 136.000 8.000 -0.186
1.133 0.340 2.000 137.000 8.000 -0.079
1.004 0.328 2.000 138.000 8.000 -0.187
0.972 0.262 2.000 139.000 8.000 -0.340
0.802 0.293 2.000 140.000 8.000 -0.334
1.227 0.238 2.000 141.000 8.000 -0.010
1.255 0.289 2.000 142.000 8.000 -0.030
1.049 0.199 2.000 143.000 8.000 -0.004
1.150 0.242 2.000 144.000 8.000 -0.015
0.483 1.293 2.000 145.000 8.000 -0.089
0.304 2.309 2.000 146.000 8.000 -0.036
0.657 1.230 2.000 147.000 8.000 0.197
0.224 1.934 2.000 148.000 8.000 0.036
0.483 1.016 2.000 149.000 8.000 -0.043
0.309 1.191 2.000 151.000 8.000 -0.041
0.330 1.008 2.000 152.000 8.000 -0.030
0.294 2.738 2.000 153.000 8.000 -0.025
0.400 1.664 2.000 154.000 8.000 -0.052
0.234 2.695 2.000 155.000 8.000 -0.010
0.344 1.684 2.000 156.000 8.000 -0.065
0.927 1.082 2.000 158.000 8.000 -0.008
0.776 1.113 2.000 160.000 8.000 -0.018
0.644 1.121 2.000 162.000 8.000 -0.031
0.312 1.633 2.000 163.000 8.000 -0.026
1.021 1.078 2.000 164.000 8.000 -0.009
0.866 1.129 2.000 165.000 8.000 -0.022
0.763 1.160 2.000 166.000 8.000 -0.044
0.243 0.844 2.000 168.000 8.000 0.009
0.320 2.242 2.000 169.000 8.000 -0.029
0.283 2.199 2.000 170.000 8.000 -0.016
0.626 1.031 2.000 171.000 8.000 -0.073
0.293 2.191 2.000 172.000 8.000 -0.015
0.426 1.480 2.000 173.000 8.000 -0.087
0.279 2.172 2.000 174.000 8.000 -0.016
0.349 1.281 2.000 175.000 8.000 -0.062
0.327 1.203 2.000 176.000 8.000 -0.021
0.777 1.152 2.000 177.000 8.000 -0.106
0.620 1.109 2.000 178.000 8.000 -0.168
0.617 1.551 2.000 180.000 8.000 -0.158
0.422 1.277 2.000 182.000 8.000 -0.064
0.210 0.555 2.000 183.000 8.000 -0.012
1.127 0.254 2.000 184.000 8.000 -0.009
1.023 0.301 2.000 185.000 8.000 -0.022
0.897 0.344 2.000 186.000 8.000 -0.052
0.486 1.426 2.000 187.000 8.000 -0.002
0.511 1.227 2.000 188.000 8.000 -0.008
0.579 1.418 2.000 189.000 8.000 -0.023
0.667 1.285 2.000 190.000 8.000 -0.063
0.630 0.250 2.000 191.000 8.000 0.350
0.220 2.594 2.000 192.000 8.000 -0.012
0.651 1.305 2.000 193.000 8.000 -0.156
0.694 0.070 2.000 194.000 8.000 -0.275
0.535 0.094 2.000 195.000 8.000 -0.207
0.347 0.516 2.000 196.000 8.000 0.052
0.455 1.238 2.000 197.000 8.000 -0.047
0.477 1.242 2.000 199.000 8.000 -0.103
0.367 0.949 2.000 200.000 8.000 -0.008
0.477 1.746 2.000 201.000 8.000 -0.154
0.252 0.945 2.000 202.000 8.000 -0.011
0.351 1.785 2.000 203.000 8.000 -0.097
0.764 1.070 2.000 204.000 8.000 -0.006
0.611 1.086 2.000 206.000 8.000 -0.012
0.468 0.969 2.000 208.000 8.000 -0.019
0.478 1.246 2.000 209.000 8.000 -0.019
0.314 0.488 2.000 212.000 8.000 0.065
0.467 0.883 2.000 213.000 8.000 0.258
0.296 0.973 2.000 214.000 8.000 -0.022
0.727 0.266 2.000 215.000 8.000 -0.255
0.295 2.641 2.000 216.000 8.000 -0.019
0.519 1.270 2.000 217.000 8.000 0.069
0.261 2.629 2.000 218.000 8.000 -0.013
0.762 1.059 2.000 219.000 8.000 0.394
1.215 0.293 2.000 220.000 8.000 -0.044
1.115 0.336 2.000 221.000 8.000 -0.118
1.082 0.199 2.000 222.000 8.000 -0.267
1.042 0.293 2.000 223.000 8.000 -0.396
0.966 0.234 2.000 224.000 8.000 -0.020
1.023 0.281 2.000 225.000 8.000 -0.058
1.004 0.301 2.000 226.000 8.000 -0.153
1.055 0.215 2.000 227.000 8.000 -0.321
0.880 0.188 2.000 228.000 8.000 -0.006
0.614 1.457 2.000 229.000 8.000 -0.001
0.963 0.285 2.000 230.000 8.000 -0.380
0.573 0.219 2.000 231.000 8.000 -0.137
0.705 0.461 2.000 232.000 8.000 0.217
0.926 0.426 2.000 233.000 8.000 0.538
0.926 0.168 2.000 234.000 8.000 -0.332
0.780 0.215 2.000 235.000 8.000 -0.312
0.401 0.141 2.000 236.000 8.000 -0.025
0.711 0.289 2.000 237.000 8.000 0.324
2.291 0.410 2.000 238.000 8.500 -0.126
2.453 0.465 2.000 239.000 8.500 -0.336
2.650 0.301 2.000 240.000 8.500 -0.746
2.451 0.426 2.000 241.000 8.500 -0.908
0.603 0.707 2.000 242.000 8.500 -0.055
0.588 1.660 2.000 243.000 8.500 -0.077
2.758 0.422 2.000 244.000 8.500 -0.097
2.760 0.477 2.000 245.000 8.500 -0.244
2.847 0.461 2.000 246.000 8.500 -0.560
1.798 1.285 2.000 247.000 8.500 0.747
1.981 1.145 2.000 248.000 8.500 1.114
1.762 1.320 2.000 249.000 8.500 0.658
0.587 2.016 2.000 250.000 8.500 -0.084
2.045 1.121 2.000 251.000 8.500 1.105
2.765 0.445 2.000 252.000 8.500 -0.913
2.219 0.418 2.000 253.000 8.500 -0.770
1.418 0.340 2.000 254.000 8.500 -0.268
1.360 1.340 2.000 255.000 8.500 0.217
2.840 0.359 2.000 256.000 8.500 -0.786
2.542 0.441 2.000 257.000 8.500 -0.920
1.764 0.383 2.000 258.000 8.500 -0.490
1.255 1.379 2.000 259.000 8.500 0.030
2.630 0.441 2.000 260.000 8.500 -0.151
2.696 0.480 2.000 261.000 8.500 -0.380
2.445 0.391 2.000 262.000 8.500 -0.080
2.557 0.457 2.000 263.000 8.500 -0.213
1.655 1.340 2.000 264.000 8.500 0.488
1.204 1.258 2.000 265.000 8.500 0.397
2.018 1.309 2.000 266.000 8.500 0.949
1.739 1.180 2.000 267.000 8.500 0.852
2.040 0.453 2.000 268.000 8.500 -0.685
1.621 0.336 2.000 269.000 8.500 -0.469
1.232 0.395 2.000 270.000 8.500 -0.424
1.890 0.285 2.000 271.000 8.500 -0.778
1.177 1.305 2.000 272.000 8.500 0.018
1.464 0.324 2.000 273.000 8.500 -0.543
1.249 1.254 2.000 274.000 8.500 0.246
0.839 0.238 2.000 275.000 8.500 -0.050
0.956 0.250 2.000 276.000 8.500 -0.161
2.806 0.477 2.000 277.000 8.500 -0.131
1.176 0.074 2.000 278.000 8.500 -0.370
2.594 0.480 2.000 279.000 8.500 -0.276
1.290 0.125 2.000 280.000 8.500 -0.520
2.412 0.383 2.000 281.000 8.500 -0.506
0.951 0.168 2.000 282.000 8.500 -0.306
3.010 0.473 2.000 283.000 8.500 -0.149
2.854 0.480 2.000 284.000 8.500 -0.333
2.773 0.398 2.000 285.000 8.500 -0.638
0.808 0.227 2.000 286.000 8.500 -0.063
1.606 1.066 2.000 287.000 8.500 0.654
0.682 1.266 2.000 288.000 8.500 0.033
1.058 1.227 2.000 289.000 8.500 0.369
2.357 0.453 2.000 290.000 8.500 -0.830
0.657 2.148 2.000 291.000 8.500 -0.127
1.603 0.395 2.000 292.000 8.500 -0.562
0.668 2.152 2.000 293.000 8.500 0.035
1.139 1.328 2.000 294.000 8.500 -0.053
1.501 1.293 2.000 295.000 8.500 0.360
2.573 0.453 2.000 296.000 8.500 -0.904
1.873 0.395 2.000 297.000 8.500 -0.631
0.686 0.012 2.000 298.000 8.500 -0.098
1.091 0.312 2.000 299.000 8.500 -0.124
0.743 0.027 2.000 300.000 8.500 -0.175
1.497 1.316 2.000 301.000 8.500 0.336
0.760 1.324 2.000 302.000 8.500 -0.210
2.935 0.453 2.000 303.000 8.500 -0.135
2.889 0.484 2.000 304.000 8.500 -0.323
2.896 0.363 2.000 305.000 8.500 -0.665
1.746 0.344 2.000 306.000 8.500 -0.050
2.047 0.410 2.000 307.000 8.500 -0.149
2.328 0.457 2.000 308.000 8.500 -0.393
2.502 0.332 2.000 309.000 8.500 -0.811
2.502 1.074 2.000 310.000 8.500 1.245
0.757 1.348 2.000 311.000 8.500 -0.134
2.222 0.422 2.000 312.000 8.500 -0.830
1.461 0.355 2.000 313.000 8.500 -0.305
1.448 1.316 2.000 314.000 8.500 0.235
2.030 1.293 2.000 315.000 8.500 0.729
2.269 0.359 2.000 316.000 8.500 -0.838
1.562 1.184 2.000 317.000 8.500 -0.085
1.892 0.398 2.000 318.000 8.500 -0.716
1.274 0.457 2.000 319.000 8.500 -0.180
1.177 0.312 2.000 320.000 8.500 -0.175
0.933 0.445 2.000 321.000 8.500 -0.228
1.333 1.281 2.000 322.000 8.500 0.335
2.269 0.469 2.000 323.000 8.500 -0.104
1.462 0.332 2.000 324.000 8.500 -0.059
2.080 0.480 2.000 325.000 8.500 -0.212
1.707 0.395 2.000 326.000 8.500 -0.170
1.799 0.375 2.000 327.000 8.500 -0.392
2.031 0.430 2.000 328.000 8.500 -0.446
1.088 0.301 2.000 329.000 8.500 -0.065
1.298 0.352 2.000 330.000 8.500 -0.184
1.921 1.238 2.000 331.000 8.500 0.823
2.424 1.105 2.000 332.000 8.500 1.321
1.303 0.449 2.000 333.000 8.500 -0.435
1.567 1.371 2.000 334.000 8.500 0.262
0.906 1.336 2.000 335.000 8.500 -0.152
1.962 1.332 2.000 336.000 8.500 0.724
0.993 1.254 2.000 337.000 8.500 0.016
2.292 1.125 2.000 338.000 8.500 1.209
2.708 0.473 2.000 339.000 8.500 -0.524
2.748 0.410 2.000 340.000 8.500 -0.920
2.236 0.422 2.000 341.000 8.500 -0.773
1.423 0.340 2.000 342.000 8.500 -0.237
2.498 0.461 2.000 343.000 8.500 -0.276
2.705 0.457 2.000 344.000 8.500 -0.650
2.611 0.430 2.000 345.000 8.500 -0.948
1.941 0.398 2.000 346.000 8.500 -0.598
2.422 0.402 2.000 347.000 8.500 -0.103
1.916 0.340 2.000 348.000 8.500 -0.042
1.348 1.383 2.000 349.000 8.500 -0.041
1.810 1.340 2.000 350.000 8.500 0.448
2.225 1.312 2.000 351.000 8.500 0.932
2.542 1.148 2.000 352.000 8.500 1.407
1.678 0.371 2.000 353.000 8.500 -0.442
1.454 1.352 2.000 354.000 8.500 0.111
2.004 1.316 2.000 355.000 8.500 0.601
2.422 1.266 2.000 356.000 8.500 1.109
5.765 0.531 2.000 357.000 9.000 -2.059
6.354 0.551 2.000 363.000 9.000 -1.981
5.822 0.543 2.000 364.000 9.000 -1.776
6.138 0.562 2.000 379.000 9.000 -2.095
5.724 0.445 2.000 381.000 9.000 -1.791
5.624 0.559 2.000 382.000 9.000 -1.883
4.578 0.535 2.000 395.000 9.000 -1.318
6.935 0.566 2.000 396.000 9.000 -1.853
6.236 0.523 2.000 398.000 9.000 -1.744
6.974 0.562 2.000 402.000 9.000 -2.044
5.832 0.508 2.000 403.000 9.000 -1.548
5.501 0.555 2.000 405.000 9.000 -2.050
6.742 0.566 2.000 422.000 9.000 -2.099
5.642 0.516 2.000 423.000 9.000 -1.509
5.082 0.578 2.000 425.000 9.000 -1.348
5.709 0.551 2.000 426.000 9.000 -2.044
6.782 0.570 2.000 436.000 9.000 -1.596
6.685 0.574 2.000 442.000 9.000 -1.585
5.319 0.566 2.000 443.000 9.000 -1.586
6.509 0.543 2.000 444.000 9.000 -1.786
5.524 0.555 2.000 445.000 9.000 -1.942
5.545 0.457 2.000 448.000 9.000 -1.876
5.155 0.551 2.000 449.000 9.000 -1.714
5.136 0.547 2.000 462.000 9.000 -1.611
5.778 0.496 2.000 466.000 9.000 -1.986
4.885 0.578 2.000 467.000 9.000 -1.145
1.940 1.105 2.000 595.000 8.686 -0.077
2.588 0.273 2.000 596.000 8.686 -0.091
1.853 1.098 2.000 597.000 8.686 -0.073
2.957 0.285 2.000 598.000 8.686 -0.097
1.832 1.094 2.000 599.000 8.686 -0.071
3.173 0.344 2.000 600.000 8.686 -0.096
3.720 0.328 2.000 601.000 8.686 -0.109
4.591 0.352 2.000 602.000 8.686 -0.125
3.203 0.320 2.000 603.000 8.686 -0.102
4.788 0.363 2.000 604.000 8.686 -0.130
3.034 0.316 2.000 605.000 8.686 -0.099
5.065 0.371 2.000 606.000 8.686 -0.135
4.686 0.418 2.000 607.000 8.686 -0.127
6.324 0.430 2.000 608.000 8.686 -0.134
4.064 0.410 2.000 609.000 8.686 -0.120
6.956 0.438 2.000 610.000 8.686 -0.136
3.979 0.402 2.000 611.000 8.686 -0.118
7.409 0.438 2.000 612.000 8.686 -0.133
6.509 0.434 2.000 613.000 8.686 -0.132
7.751 0.438 2.000 614.000 8.686 -0.127
5.558 0.430 2.000 615.000 8.686 -0.133
8.204 0.434 2.000 616.000 8.686 -0.121
5.092 0.426 2.000 617.000 8.686 -0.130
8.152 0.430 2.000 618.000 8.686 -0.118
7.828 0.438 2.000 619.000 8.686 -0.123
7.570 0.430 2.000 620.000 8.686 -0.106
7.705 0.434 2.000 621.000 8.686 -0.128
6.987 0.422 2.000 622.000 8.686 -0.096
7.428 0.434 2.000 623.000 8.686 -0.133
6.548 0.418 2.000 624.000 8.686 -0.092
7.656 0.422 2.000 625.000 8.686 -0.088
6.116 0.402 2.000 626.000 8.686 -0.070
7.978 0.430 2.000 627.000 8.686 -0.096
5.196 0.395 2.000 628.000 8.686 -0.064
8.291 0.430 2.000 629.000 8.686 -0.095
4.885 0.391 2.000 630.000 8.686 -0.062
4.675 0.402 2.000 631.000 8.686 -0.070
2.998 0.379 2.000 632.000 8.686 -0.057
5.404 0.414 2.000 633.000 8.686 -0.080
2.486 0.367 2.000 634.000 8.686 -0.055
5.349 0.426 2.000 635.000 8.686 -0.088
2.346 0.363 2.000 636.000 8.686 -0.054
4.393 0.406 2.000 637.000 8.769 -0.132
6.121 0.430 2.000 638.000 8.769 -0.150
3.925 0.398 2.000 639.000 8.769 -0.123
7.161 0.438 2.000 640.000 8.769 -0.156
3.764 0.395 2.000 641.000 8.769 -0.119
7.644 0.441 2.000 642.000 8.769 -0.156
3.676 0.391 2.000 643.000 8.769 -0.118
8.019 0.438 2.000 644.000 8.769 -0.155
5.872 0.426 2.000 645.000 8.769 -0.148
7.789 0.441 2.000 646.000 8.769 -0.156
5.205 0.418 2.000 647.000 8.769 -0.140
8.625 0.441 2.000 648.000 8.769 -0.154
5.031 0.414 2.000 649.000 8.769 -0.136
8.831 0.441 2.000 650.000 8.769 -0.151
4.946 0.414 2.000 651.000 8.769 -0.134
8.789 0.441 2.000 652.000 8.769 -0.149
7.064 0.438 2.000 653.000 8.769 -0.153
8.207 0.441 2.000 654.000 8.769 -0.144
6.199 0.434 2.000 655.000 8.769 -0.151
8.127 0.438 2.000 656.000 8.769 -0.134
5.943 0.430 2.000 657.000 8.769 -0.148
7.750 0.434 2.000 658.000 8.769 -0.129
5.867 0.430 2.000 659.000 8.769 -0.147
7.555 0.434 2.000 660.000 8.769 -0.126
7.687 0.441 2.000 661.000 8.769 -0.145
7.460 0.434 2.000 662.000 8.769 -0.125
7.053 0.441 2.000 663.000 8.769 -0.150
6.648 0.426 2.000 664.000 8.769 -0.113
6.548 0.441 2.000 665.000 8.769 -0.150
6.257 0.426 2.000 666.000 8.769 -0.109
6.298 0.438 2.000 667.000 8.769 -0.148
6.089 0.422 2.000 668.000 8.769 -0.108
8.002 0.438 2.000 669.000 8.769 -0.133
6.388 0.422 2.000 670.000 8.769 -0.107
8.301 0.441 2.000 671.000 8.769 -0.145
5.397 0.414 2.000 672.000 8.769 -0.098
8.214 0.441 2.000 673.000 8.769 -0.150
5.117 0.410 2.000 674.000 8.769 -0.096
8.012 0.441 2.000 675.000 8.769 -0.154
4.986 0.406 2.000 676.000 8.769 -0.095
6.506 0.438 2.000 677.000 8.887 -0.198
9.008 0.453 2.000 678.000 8.887 -0.225
5.824 0.426 2.000 679.000 8.887 -0.184
10.532 0.461 2.000 680.000 8.887 -0.234
5.569 0.422 2.000 681.000 8.887 -0.179
11.218 0.461 2.000 682.000 8.887 -0.234
5.460 0.422 2.000 683.000 8.887 -0.177
11.821 0.461 2.000 684.000 8.887 -0.232
8.695 0.453 2.000 685.000 8.887 -0.222
11.410 0.461 2.000 686.000 8.887 -0.234
7.685 0.445 2.000 687.000 8.887 -0.209
12.654 0.465 2.000 688.000 8.887 -0.231
7.434 0.441 2.000 689.000 8.887 -0.204
13.009 0.461 2.000 690.000 8.887 -0.226
7.314 0.441 2.000 691.000 8.887 -0.200
13.031 0.461 2.000 692.000 8.887 -0.224
10.399 0.461 2.000 693.000 8.887 -0.230
12.059 0.465 2.000 694.000 8.887 -0.216
9.124 0.457 2.000 695.000 8.887 -0.226
11.986 0.461 2.000 696.000 8.887 -0.201
8.780 0.457 2.000 697.000 8.887 -0.222
11.422 0.457 2.000 698.000 8.887 -0.193
8.670 0.453 2.000 699.000 8.887 -0.221
11.160 0.457 2.000 700.000 8.887 -0.189
11.354 0.465 2.000 701.000 8.887 -0.217
11.003 0.457 2.000 702.000 8.887 -0.187
10.423 0.465 2.000 703.000 8.887 -0.225
9.899 0.453 2.000 704.000 8.887 -0.170
9.709 0.465 2.000 705.000 8.887 -0.225
9.242 0.449 2.000 706.000 8.887 -0.164
9.350 0.465 2.000 707.000 8.887 -0.222
9.048 0.449 2.000 708.000 8.887 -0.162
11.824 0.461 2.000 709.000 8.887 -0.199
9.455 0.449 2.000 710.000 8.887 -0.161
12.194 0.465 2.000 711.000 8.887 -0.217
8.063 0.441 2.000 712.000 8.887 -0.148
12.079 0.465 2.000 713.000 8.887 -0.224
7.614 0.438 2.000 714.000 8.887 -0.144
11.819 0.465 2.000 715.000 8.887 -0.230
7.404 0.438 2.000 716.000 8.887 -0.142
9.383 0.457 2.000 717.000 8.951 -0.244
11.952 0.465 2.000 718.000 8.951 -0.252
8.230 0.449 2.000 719.000 8.951 -0.230
12.596 0.465 2.000 720.000 8.951 -0.242
7.875 0.449 2.000 721.000 8.951 -0.224
12.366 0.465 2.000 722.000 8.951 -0.234
7.703 0.445 2.000 723.000 8.951 -0.221
12.080 0.465 2.000 724.000 8.951 -0.229
7.624 0.445 2.000 725.000 8.951 -0.220
11.856 0.465 2.000 726.000 8.951 -0.226
10.832 0.465 2.000 727.000 8.951 -0.252
12.158 0.465 2.000 728.000 8.951 -0.239
9.626 0.461 2.000 729.000 8.951 -0.245
11.592 0.461 2.000 730.000 8.951 -0.222
9.277 0.457 2.000 731.000 8.951 -0.239
11.020 0.461 2.000 732.000 8.951 -0.214
9.115 0.457 2.000 733.000 8.951 -0.236
10.690 0.461 2.000 734.000 8.951 -0.211
8.985 0.453 2.000 735.000 8.951 -0.234
10.531 0.461 2.000 736.000 8.951 -0.210
11.757 0.465 2.000 737.000 8.951 -0.251
11.392 0.461 2.000 738.000 8.951 -0.219
10.865 0.465 2.000 739.000 8.951 -0.257
10.136 0.457 2.000 740.000 8.951 -0.200
10.379 0.465 2.000 741.000 8.951 -0.255
9.574 0.453 2.000 742.000 8.951 -0.194
10.225 0.461 2.000 743.000 8.951 -0.253
9.355 0.453 2.000 744.000 8.951 -0.192
10.209 0.461 2.000 745.000 8.951 -0.253
9.209 0.453 2.000 746.000 8.951 -0.190
11.043 0.465 2.000 747.000 9.004 -0.274
12.063 0.465 2.000 748.000 9.004 -0.260
9.846 0.461 2.000 749.000 9.004 -0.266
11.307 0.465 2.000 750.000 9.004 -0.242
9.401 0.457 2.000 751.000 9.004 -0.260
10.760 0.461 2.000 752.000 9.004 -0.234
9.224 0.457 2.000 753.000 9.004 -0.257
10.519 0.461 2.000 754.000 9.004 -0.231
9.120 0.457 2.000 755.000 9.004 -0.256
10.392 0.461 2.000 756.000 9.004 -0.230
9.055 0.457 2.000 757.000 9.004 -0.255
10.305 0.461 2.000 758.000 9.004 -0.229
14.445 0.477 2.000 759.000 9.087 -0.366
15.866 0.477 2.000 760.000 9.087 -0.347
12.883 0.473 2.000 761.000 9.087 -0.354
14.836 0.477 2.000 762.000 9.087 -0.322
12.356 0.473 2.000 763.000 9.087 -0.346
14.083 0.473 2.000 764.000 9.087 -0.313
12.064 0.473 2.000 765.000 9.087 -0.342
13.820 0.473 2.000 766.000 9.087 -0.309
11.910 0.473 2.000 767.000 9.087 -0.341
13.673 0.473 2.000 768.000 9.087 -0.307
11.842 0.469 2.000 769.000 9.087 -0.340
13.583 0.473 2.000 770.000 9.087 -0.305
