54
339
368
290
196
322
423
222
21
352
317
189
63
347
172
40
56
6
293
412
236
422
345
237
129
20
44
119
336
31
312
223
411
11
419
350
381
76
362
130
388
416
342
141
351
389
229
268
160
89
349
126
211
210
406
102
201
14
300
167
205
224
327
109
257
250
29
333
360
299
243
65
27
398
295
285
393
296
320
108
417
410
199
252
365
41
2
332
358
135
9
182
71
1
238
146
371
35
204
142
217
140
251
32
106
75
418
209
163
420
104
138
114
153
175
22
88
325
19
394
335
414
233
239
267
303
125
82
337
24
193
154
298
173
128
383
58
100
281
356
81
220
13
264
110
191
151
378
275
225
74
103
116
39
152
147
302
315
134
366
93
170
330
86
340
188
231
218
113
157
402
187
121
33
274
59
359
242
168
326
403
8
4
376
0
166
96
375
79
15
241
380
143
424
150
53
254
379
43
215
256
10
399
341
283
200
266
321
72
5
195
395
253
181
245
162
234
314
391
18
334
198
213
38
92
276
85
297
83
118
37
313
36
346
45
161
246
357
183
132
397
51
177
284
112
301
50
180
192
235
230
165
269
127
258
23
94
382
48
348
273
67
203
259
244
228
73
98
97
226
396
401
338
415
25
158
363
240
123
78
47
280
120
117
202
262
124
270
42
310
374
318
84
111
95
171
221
390
69
404
353
316
34
212
99
136
364
277
265
216
289
87
329
80
369
91
288
272
30
309
208
304
12
249
384
52
176
16
286
206
271
405
344
139
145
367
159
179
400
331
