0.880 0.500 2.000 119.000 8.000 -0.006
0.834 0.547 2.000 120.000 8.000 -0.019
0.950 0.594 2.000 121.000 8.000 -0.052
1.063 0.453 2.000 122.000 8.000 -0.131
1.208 1.762 2.000 125.000 8.000 -0.002
1.397 1.793 2.000 126.000 8.000 -0.006
1.426 1.836 2.000 127.000 8.000 -0.014
0.915 2.918 2.000 128.000 8.000 -0.016
0.947 3.531 2.000 129.000 8.000 -0.005
1.068 2.898 2.000 130.000 8.000 -0.034
1.106 2.734 2.000 132.000 8.000 -0.008
1.384 1.867 2.000 133.000 8.000 -0.026
1.279 1.750 2.000 134.000 8.000 -0.043
1.028 1.820 2.000 135.000 8.000 -0.057
0.926 2.102 2.000 136.000 8.000 -0.054
1.393 1.844 2.000 137.000 8.000 -0.028
1.444 1.844 2.000 138.000 8.000 -0.057
1.377 1.789 2.000 139.000 8.000 -0.097
1.059 2.078 2.000 140.000 8.000 -0.121
1.141 1.770 2.000 141.000 8.000 -0.005
1.297 1.805 2.000 142.000 8.000 -0.012
0.834 1.742 2.000 143.000 8.000 -0.002
1.045 1.773 2.000 144.000 8.000 -0.008
1.187 2.043 2.000 145.000 8.000 -0.092
0.932 2.852 2.000 146.000 8.000 -0.210
1.223 2.871 2.000 147.000 8.000 -0.028
0.719 2.832 2.000 148.000 8.000 0.049
0.713 1.988 2.000 149.000 8.000 -0.011
0.525 2.035 2.000 151.000 8.000 -0.013
0.554 0.262 2.000 152.000 8.000 -0.075
0.551 3.066 2.000 153.000 8.000 -0.012
0.695 0.250 2.000 154.000 8.000 -0.176
0.669 3.020 2.000 155.000 8.000 -0.010
0.904 2.836 2.000 156.000 8.000 -0.286
1.073 1.773 2.000 158.000 8.000 -0.002
0.917 1.789 2.000 160.000 8.000 -0.004
0.885 1.789 2.000 162.000 8.000 -0.008
0.587 2.785 2.000 163.000 8.000 -0.125
1.255 1.781 2.000 164.000 8.000 -0.003
1.147 1.812 2.000 165.000 8.000 -0.006
1.028 1.832 2.000 166.000 8.000 -0.010
0.846 3.285 2.000 168.000 8.000 -0.009
0.833 2.785 2.000 169.000 8.000 -0.178
0.872 2.754 2.000 170.000 8.000 -0.106
0.988 1.707 2.000 171.000 8.000 -0.015
0.551 2.730 2.000 172.000 8.000 -0.064
0.740 1.820 2.000 173.000 8.000 -0.018
0.695 2.738 2.000 174.000 8.000 -0.077
0.581 3.043 2.000 175.000 8.000 -0.018
0.713 2.980 2.000 176.000 8.000 -0.015
1.129 1.844 2.000 177.000 8.000 -0.020
1.011 1.801 2.000 178.000 8.000 -0.028
0.669 2.621 2.000 180.000 8.000 -0.031
0.817 3.016 2.000 182.000 8.000 -0.026
0.509 2.461 2.000 183.000 8.000 -0.037
1.370 1.777 2.000 184.000 8.000 -0.003
1.370 1.816 2.000 185.000 8.000 -0.006
1.261 1.844 2.000 186.000 8.000 -0.012
0.796 0.430 2.000 187.000 8.000 -0.001
0.646 0.457 2.000 188.000 8.000 -0.008
0.686 0.492 2.000 189.000 8.000 -0.024
0.883 0.371 2.000 190.000 8.000 -0.067
0.794 1.594 2.000 191.000 8.000 0.217
0.382 2.930 2.000 192.000 8.000 -0.007
1.057 0.379 2.000 193.000 8.000 -0.164
1.200 0.414 2.000 194.000 8.000 -0.315
1.147 0.449 2.000 195.000 8.000 -0.348
0.733 0.434 2.000 196.000 8.000 -0.119
0.743 0.316 2.000 197.000 8.000 -0.076
0.924 0.312 2.000 199.000 8.000 -0.184
0.380 1.898 2.000 200.000 8.000 -0.003
1.078 0.312 2.000 201.000 8.000 -0.326
0.399 1.926 2.000 202.000 8.000 -0.005
0.960 0.332 2.000 203.000 8.000 -0.297
0.851 1.754 2.000 204.000 8.000 -0.001
0.689 1.754 2.000 206.000 8.000 -0.003
0.572 1.938 2.000 208.000 8.000 -0.006
0.558 0.324 2.000 209.000 8.000 -0.028
0.650 2.945 2.000 212.000 8.000 -0.026
0.999 3.156 2.000 213.000 8.000 0.312
0.448 1.957 2.000 214.000 8.000 -0.008
1.122 2.074 2.000 215.000 8.000 -0.217
0.472 2.980 2.000 216.000 8.000 -0.009
1.319 2.008 2.000 217.000 8.000 -0.107
0.602 3.023 2.000 218.000 8.000 -0.009
1.336 1.777 2.000 219.000 8.000 0.041
1.143 1.828 2.000 220.000 8.000 -0.022
1.233 1.855 2.000 221.000 8.000 -0.054
1.402 1.715 2.000 222.000 8.000 -0.116
1.431 1.801 2.000 223.000 8.000 -0.200
0.849 1.766 2.000 224.000 8.000 -0.013
0.969 1.816 2.000 225.000 8.000 -0.036
1.085 1.840 2.000 226.000 8.000 -0.091
1.320 1.719 2.000 227.000 8.000 -0.197
0.852 0.531 2.000 228.000 8.000 -0.004
1.107 0.461 2.000 229.000 8.000 -0.001
1.426 1.777 2.000 230.000 8.000 -0.310
1.057 2.070 2.000 231.000 8.000 -0.258
1.258 1.973 2.000 232.000 8.000 -0.037
1.341 1.836 2.000 233.000 8.000 0.201
1.215 1.672 2.000 234.000 8.000 -0.270
1.305 1.719 2.000 235.000 8.000 -0.359
0.887 0.523 2.000 236.000 8.000 -0.208
1.057 1.746 2.000 237.000 8.000 0.090
2.334 1.902 2.000 238.000 8.500 -0.098
2.535 1.910 2.000 239.000 8.500 -0.248
3.044 1.738 2.000 240.000 8.500 -0.564
3.292 1.852 2.000 241.000 8.500 -0.895
1.089 2.961 2.000 242.000 8.500 -0.214
1.642 2.930 2.000 243.000 8.500 -0.438
2.582 1.891 2.000 244.000 8.500 -0.049
2.432 1.973 2.000 245.000 8.500 -0.116
2.859 1.945 2.000 246.000 8.500 -0.262
2.928 2.023 2.000 247.000 8.500 0.102
2.681 1.895 2.000 248.000 8.500 0.252
3.095 2.059 2.000 249.000 8.500 0.118
2.064 2.969 2.000 250.000 8.500 -0.499
3.111 1.836 2.000 251.000 8.500 0.405
2.920 1.910 2.000 252.000 8.500 -0.522
2.584 1.891 2.000 253.000 8.500 -0.760
2.555 2.148 2.000 254.000 8.500 -0.642
2.920 2.109 2.000 255.000 8.500 -0.251
3.041 1.828 2.000 256.000 8.500 -0.456
2.994 1.863 2.000 257.000 8.500 -0.779
2.490 0.715 2.000 258.000 8.500 -0.801
2.736 2.121 2.000 259.000 8.500 -0.424
2.661 1.910 2.000 260.000 8.500 -0.087
2.675 1.945 2.000 261.000 8.500 -0.207
2.770 1.879 2.000 262.000 8.500 -0.054
2.782 1.918 2.000 263.000 8.500 -0.136
2.976 2.078 2.000 264.000 8.500 0.028
2.277 3.984 2.000 265.000 8.500 0.219
3.123 2.020 2.000 266.000 8.500 0.424
2.938 3.957 2.000 267.000 8.500 0.721
1.912 1.922 2.000 268.000 8.500 -0.205
2.358 0.672 2.000 269.000 8.500 -0.432
1.998 2.156 2.000 270.000 8.500 -0.204
2.725 0.613 2.000 271.000 8.500 -0.808
2.116 2.078 2.000 272.000 8.500 -0.113
2.560 0.648 2.000 273.000 8.500 -0.800
2.129 2.906 2.000 274.000 8.500 -0.037
1.863 0.578 2.000 275.000 8.500 -0.315
1.694 0.586 2.000 276.000 8.500 -0.214
2.152 1.902 2.000 277.000 8.500 -0.038
2.192 0.402 2.000 278.000 8.500 -0.507
2.276 1.949 2.000 279.000 8.500 -0.078
2.556 0.453 2.000 280.000 8.500 -0.839
2.366 1.852 2.000 281.000 8.500 -0.138
2.243 0.500 2.000 282.000 8.500 -0.679
2.274 1.891 2.000 283.000 8.500 -0.050
2.664 1.973 2.000 284.000 8.500 -0.106
2.755 1.875 2.000 285.000 8.500 -0.205
1.412 0.570 2.000 286.000 8.500 -0.081
2.385 2.750 2.000 287.000 8.500 0.048
1.948 3.137 2.000 288.000 8.500 -0.171
2.422 3.996 2.000 289.000 8.500 0.334
2.253 1.926 2.000 290.000 8.500 -0.335
2.185 3.043 2.000 291.000 8.500 -0.490
2.263 2.172 2.000 292.000 8.500 -0.387
1.984 3.066 2.000 293.000 8.500 -0.021
2.601 2.113 2.000 294.000 8.500 -0.248
2.590 2.051 2.000 295.000 8.500 -0.066
2.712 1.926 2.000 296.000 8.500 -0.476
2.224 2.180 2.000 297.000 8.500 -0.609
1.353 0.336 2.000 298.000 8.500 -0.244
2.693 2.129 2.000 299.000 8.500 -0.439
1.825 0.340 2.000 300.000 8.500 -0.554
2.919 2.090 2.000 301.000 8.500 -0.132
2.141 3.023 2.000 302.000 8.500 -0.773
2.280 1.895 2.000 303.000 8.500 -0.056
2.677 1.984 2.000 304.000 8.500 -0.125
2.909 1.844 2.000 305.000 8.500 -0.263
1.859 1.852 2.000 306.000 8.500 -0.042
2.121 0.754 2.000 307.000 8.500 -0.121
2.372 1.930 2.000 308.000 8.500 -0.304
2.946 1.750 2.000 309.000 8.500 -0.662
2.947 3.715 2.000 310.000 8.500 0.947
1.311 3.129 2.000 311.000 8.500 -0.058
3.161 1.844 2.000 312.000 8.500 -0.906
2.301 0.676 2.000 313.000 8.500 -0.583
2.483 2.070 2.000 314.000 8.500 -0.047
2.653 2.031 2.000 315.000 8.500 0.454
2.798 1.777 2.000 316.000 8.500 -0.744
1.751 1.875 2.000 317.000 8.500 -0.021
2.816 1.828 2.000 318.000 8.500 -0.872
1.512 1.871 2.000 319.000 8.500 -0.041
2.112 0.648 2.000 320.000 8.500 -0.450
1.400 3.402 2.000 321.000 8.500 -0.058
2.163 2.062 2.000 322.000 8.500 0.093
2.117 2.254 2.000 323.000 8.500 -0.028
1.740 0.684 2.000 324.000 8.500 -0.052
2.025 1.906 2.000 325.000 8.500 -0.055
2.108 0.738 2.000 326.000 8.500 -0.146
1.988 1.820 2.000 327.000 8.500 -0.093
2.397 0.766 2.000 328.000 8.500 -0.364
1.623 0.652 2.000 329.000 8.500 -0.065
1.955 0.695 2.000 330.000 8.500 -0.176
2.665 3.949 2.000 331.000 8.500 0.597
3.178 3.836 2.000 332.000 8.500 1.102
1.372 3.410 2.000 333.000 8.500 -0.116
2.834 2.090 2.000 334.000 8.500 -0.150
1.540 3.105 2.000 335.000 8.500 -0.091
2.988 2.043 2.000 336.000 8.500 0.303
1.782 3.027 2.000 337.000 8.500 -0.058
3.076 1.812 2.000 338.000 8.500 0.729
2.984 1.938 2.000 339.000 8.500 -0.324
3.174 1.871 2.000 340.000 8.500 -0.663
2.985 1.824 2.000 341.000 8.500 -0.889
2.424 2.137 2.000 342.000 8.500 -0.630
2.725 1.922 2.000 343.000 8.500 -0.191
3.045 1.910 2.000 344.000 8.500 -0.449
3.267 1.855 2.000 345.000 8.500 -0.819
2.802 1.816 2.000 346.000 8.500 -0.841
2.613 1.887 2.000 347.000 8.500 -0.076
2.186 1.852 2.000 348.000 8.500 -0.034
2.578 2.109 2.000 349.000 8.500 -0.408
2.835 2.074 2.000 350.000 8.500 0.090
2.938 2.023 2.000 351.000 8.500 0.548
3.440 3.684 2.000 352.000 8.500 1.003
2.495 0.699 2.000 353.000 8.500 -0.719
2.627 2.090 2.000 354.000 8.500 -0.211
2.778 2.051 2.000 355.000 8.500 0.289
2.898 1.980 2.000 356.000 8.500 0.762
5.515 1.883 2.000 357.000 9.000 -1.829
4.781 1.887 2.000 363.000 9.000 -1.169
5.627 0.875 2.000 364.000 9.000 -1.933
5.338 0.895 2.000 379.000 9.000 -1.746
5.183 1.848 2.000 381.000 9.000 -1.275
5.730 0.879 2.000 382.000 9.000 -2.034
5.416 0.852 2.000 395.000 9.000 -1.804
4.442 0.906 2.000 396.000 9.000 -0.717
5.144 0.879 2.000 398.000 9.000 -1.269
4.605 0.895 2.000 402.000 9.000 -1.012
5.435 0.859 2.000 403.000 9.000 -1.676
5.396 0.879 2.000 405.000 9.000 -1.832
4.695 0.910 2.000 422.000 9.000 -1.229
5.648 0.855 2.000 423.000 9.000 -1.910
4.767 2.023 2.000 425.000 9.000 -1.045
5.620 0.867 2.000 426.000 9.000 -1.964
3.997 1.988 2.000 436.000 9.000 -0.561
4.285 0.914 2.000 442.000 9.000 -0.549
4.817 1.930 2.000 443.000 9.000 -1.247
4.860 0.898 2.000 444.000 9.000 -1.002
5.700 0.871 2.000 445.000 9.000 -2.020
5.090 1.797 2.000 448.000 9.000 -1.509
5.659 0.867 2.000 449.000 9.000 -1.984
5.683 0.867 2.000 462.000 9.000 -2.003
5.544 1.863 2.000 466.000 9.000 -1.600
4.649 2.020 2.000 467.000 9.000 -0.865
4.285 0.590 2.000 595.000 8.686 -0.066
4.781 0.617 2.000 596.000 8.686 -0.067
3.816 0.582 2.000 597.000 8.686 -0.064
5.244 0.625 2.000 598.000 8.686 -0.067
3.638 0.578 2.000 599.000 8.686 -0.064
5.088 0.629 2.000 600.000 8.686 -0.066
4.844 0.676 2.000 601.000 8.686 -0.067
5.750 0.711 2.000 602.000 8.686 -0.066
4.966 0.664 2.000 603.000 8.686 -0.068
6.333 0.719 2.000 604.000 8.686 -0.064
4.867 0.660 2.000 605.000 8.686 -0.067
6.370 0.742 2.000 606.000 8.686 -0.064
5.632 0.719 2.000 607.000 8.686 -0.065
5.940 0.754 2.000 608.000 8.686 -0.060
5.288 0.711 2.000 609.000 8.686 -0.066
5.732 0.766 2.000 610.000 8.686 -0.057
5.240 0.703 2.000 611.000 8.686 -0.068
5.426 0.770 2.000 612.000 8.686 -0.055
5.180 0.766 2.000 613.000 8.686 -0.052
5.245 0.758 2.000 614.000 8.686 -0.046
5.033 0.742 2.000 615.000 8.686 -0.054
4.915 1.883 2.000 616.000 8.686 -0.043
5.044 0.738 2.000 617.000 8.686 -0.053
4.951 1.883 2.000 618.000 8.686 -0.043
5.025 1.887 2.000 619.000 8.686 -0.045
4.915 1.887 2.000 620.000 8.686 -0.038
4.878 1.887 2.000 621.000 8.686 -0.049
4.746 1.883 2.000 622.000 8.686 -0.035
4.802 1.887 2.000 623.000 8.686 -0.053
4.702 1.883 2.000 624.000 8.686 -0.033
4.375 1.887 2.000 625.000 8.686 -0.028
3.929 1.867 2.000 626.000 8.686 -0.024
4.750 0.773 2.000 627.000 8.686 -0.029
3.663 1.875 2.000 628.000 8.686 -0.023
5.007 0.770 2.000 629.000 8.686 -0.029
3.562 1.875 2.000 630.000 8.686 -0.023
3.561 1.859 2.000 631.000 8.686 -0.026
3.145 1.855 2.000 632.000 8.686 -0.024
3.884 1.867 2.000 633.000 8.686 -0.028
2.924 1.852 2.000 634.000 8.686 -0.024
3.999 1.871 2.000 635.000 8.686 -0.030
2.858 1.852 2.000 636.000 8.686 -0.024
5.189 0.707 2.000 637.000 8.769 -0.084
6.299 0.730 2.000 638.000 8.769 -0.080
4.764 0.688 2.000 639.000 8.769 -0.083
6.322 0.758 2.000 640.000 8.769 -0.077
4.616 0.684 2.000 641.000 8.769 -0.083
6.310 0.762 2.000 642.000 8.769 -0.076
4.374 0.684 2.000 643.000 8.769 -0.083
6.003 0.766 2.000 644.000 8.769 -0.074
5.792 0.727 2.000 645.000 8.769 -0.079
5.938 0.750 2.000 646.000 8.769 -0.072
5.472 0.719 2.000 647.000 8.769 -0.080
5.445 0.773 2.000 648.000 8.769 -0.068
5.336 0.707 2.000 649.000 8.769 -0.080
5.083 1.887 2.000 650.000 8.769 -0.067
5.126 0.715 2.000 651.000 8.769 -0.080
5.048 1.887 2.000 652.000 8.769 -0.066
6.316 0.742 2.000 653.000 8.769 -0.072
5.184 1.891 2.000 654.000 8.769 -0.062
6.314 0.730 2.000 655.000 8.769 -0.076
5.036 1.887 2.000 656.000 8.769 -0.057
6.377 0.727 2.000 657.000 8.769 -0.078
4.952 1.883 2.000 658.000 8.769 -0.055
6.200 0.723 2.000 659.000 8.769 -0.080
4.929 1.883 2.000 660.000 8.769 -0.053
5.215 0.754 2.000 661.000 8.769 -0.055
4.817 1.891 2.000 662.000 8.769 -0.047
5.340 0.770 2.000 663.000 8.769 -0.059
4.518 1.891 2.000 664.000 8.769 -0.043
5.195 0.766 2.000 665.000 8.769 -0.060
4.381 1.879 2.000 666.000 8.769 -0.043
5.237 0.766 2.000 667.000 8.769 -0.059
4.296 1.879 2.000 668.000 8.769 -0.042
5.086 1.887 2.000 669.000 8.769 -0.051
4.368 1.875 2.000 670.000 8.769 -0.043
5.265 1.891 2.000 671.000 8.769 -0.057
4.118 1.887 2.000 672.000 8.769 -0.041
5.256 1.891 2.000 673.000 8.769 -0.060
4.027 1.887 2.000 674.000 8.769 -0.041
5.239 1.891 2.000 675.000 8.769 -0.063
3.980 1.887 2.000 676.000 8.769 -0.041
7.916 0.727 2.000 677.000 8.887 -0.125
8.797 0.754 2.000 678.000 8.887 -0.121
7.091 0.715 2.000 679.000 8.887 -0.125
8.617 0.770 2.000 680.000 8.887 -0.116
6.875 0.715 2.000 681.000 8.887 -0.124
8.716 0.773 2.000 682.000 8.887 -0.114
6.587 0.711 2.000 683.000 8.887 -0.124
8.209 0.773 2.000 684.000 8.887 -0.112
8.322 0.750 2.000 685.000 8.887 -0.118
8.511 0.773 2.000 686.000 8.887 -0.108
8.044 0.738 2.000 687.000 8.887 -0.120
7.658 0.781 2.000 688.000 8.887 -0.103
7.902 0.734 2.000 689.000 8.887 -0.121
7.764 0.785 2.000 690.000 8.887 -0.100
7.393 0.734 2.000 691.000 8.887 -0.119
7.642 0.785 2.000 692.000 8.887 -0.099
8.152 0.770 2.000 693.000 8.887 -0.108
7.777 0.785 2.000 694.000 8.887 -0.093
8.469 0.758 2.000 695.000 8.887 -0.115
6.704 0.789 2.000 696.000 8.887 -0.085
8.294 0.754 2.000 697.000 8.887 -0.117
6.149 1.887 2.000 698.000 8.887 -0.082
8.455 0.750 2.000 699.000 8.887 -0.120
6.095 1.887 2.000 700.000 8.887 -0.080
7.600 0.789 2.000 701.000 8.887 -0.083
6.076 0.781 2.000 702.000 8.887 -0.070
7.667 0.777 2.000 703.000 8.887 -0.089
5.508 1.887 2.000 704.000 8.887 -0.065
7.687 0.773 2.000 705.000 8.887 -0.090
5.388 1.887 2.000 706.000 8.887 -0.064
7.983 0.773 2.000 707.000 8.887 -0.089
5.302 1.887 2.000 708.000 8.887 -0.064
6.250 1.887 2.000 709.000 8.887 -0.077
5.342 1.883 2.000 710.000 8.887 -0.065
7.046 0.793 2.000 711.000 8.887 -0.085
5.052 1.883 2.000 712.000 8.887 -0.062
7.497 0.785 2.000 713.000 8.887 -0.090
4.938 1.883 2.000 714.000 8.887 -0.061
7.128 0.789 2.000 715.000 8.887 -0.095
4.925 1.883 2.000 716.000 8.887 -0.061
8.458 0.758 2.000 717.000 8.951 -0.139
8.475 0.777 2.000 718.000 8.951 -0.125
8.000 0.746 2.000 719.000 8.951 -0.142
8.017 0.785 2.000 720.000 8.951 -0.115
7.670 0.742 2.000 721.000 8.951 -0.142
7.728 0.785 2.000 722.000 8.951 -0.111
7.750 0.742 2.000 723.000 8.951 -0.142
7.588 0.785 2.000 724.000 8.951 -0.109
7.617 0.742 2.000 725.000 8.951 -0.142
7.409 0.785 2.000 726.000 8.951 -0.108
8.516 0.770 2.000 727.000 8.951 -0.127
7.795 0.785 2.000 728.000 8.951 -0.109
8.519 0.758 2.000 729.000 8.951 -0.132
6.871 0.785 2.000 730.000 8.951 -0.101
8.307 0.754 2.000 731.000 8.951 -0.134
6.366 0.793 2.000 732.000 8.951 -0.098
7.896 0.754 2.000 733.000 8.951 -0.133
6.148 0.793 2.000 734.000 8.951 -0.097
7.939 0.750 2.000 735.000 8.951 -0.133
6.104 0.789 2.000 736.000 8.951 -0.097
8.469 0.777 2.000 737.000 8.951 -0.118
6.580 0.785 2.000 738.000 8.951 -0.099
8.591 0.770 2.000 739.000 8.951 -0.128
5.842 1.891 2.000 740.000 8.951 -0.092
8.397 0.766 2.000 741.000 8.951 -0.132
5.745 1.891 2.000 742.000 8.951 -0.090
8.843 0.762 2.000 743.000 8.951 -0.134
5.700 1.891 2.000 744.000 8.951 -0.090
8.584 0.762 2.000 745.000 8.951 -0.137
5.679 1.891 2.000 746.000 8.951 -0.089
8.766 0.770 2.000 747.000 9.004 -0.150
7.712 0.785 2.000 748.000 9.004 -0.130
8.387 0.762 2.000 749.000 9.004 -0.157
7.031 0.785 2.000 750.000 9.004 -0.120
8.288 0.758 2.000 751.000 9.004 -0.158
6.496 0.781 2.000 752.000 9.004 -0.118
7.973 0.758 2.000 753.000 9.004 -0.158
6.482 0.789 2.000 754.000 9.004 -0.117
7.873 0.758 2.000 755.000 9.004 -0.159
6.441 0.789 2.000 756.000 9.004 -0.116
7.751 0.758 2.000 757.000 9.004 -0.159
6.403 0.789 2.000 758.000 9.004 -0.116
9.466 0.777 2.000 759.000 9.087 -0.200
9.301 0.793 2.000 760.000 9.087 -0.173
9.655 0.770 2.000 761.000 9.087 -0.209
8.147 0.797 2.000 762.000 9.087 -0.161
9.638 0.750 2.000 763.000 9.087 -0.211
8.100 0.793 2.000 764.000 9.087 -0.157
9.216 0.770 2.000 765.000 9.087 -0.211
8.260 0.793 2.000 766.000 9.087 -0.155
9.179 0.770 2.000 767.000 9.087 -0.212
8.195 0.793 2.000 768.000 9.087 -0.155
9.064 0.770 2.000 769.000 9.087 -0.212
8.181 0.793 2.000 770.000 9.087 -0.154
