0.820 0.344 2.000 0.000 7.500 -0.000
0.790 0.266 2.000 1.000 7.500 -0.001
0.704 0.262 2.000 2.000 7.500 -0.003
0.596 0.262 2.000 3.000 7.500 -0.006
0.561 0.250 2.000 4.000 7.500 -0.002
0.537 0.250 2.000 5.000 7.500 -0.005
0.508 0.906 2.000 12.000 7.500 -0.011
1.052 0.363 2.000 27.000 7.500 -0.114
0.798 0.504 2.000 29.000 7.500 -0.026
1.599 0.387 2.000 31.000 7.500 -0.005
1.578 0.398 2.000 33.000 7.500 -0.015
1.556 0.297 2.000 35.000 7.500 -0.041
1.406 0.332 2.000 37.000 7.500 -0.090
1.266 0.359 2.000 38.000 7.500 -0.002
1.330 0.375 2.000 40.000 7.500 -0.006
1.284 0.367 2.000 42.000 7.500 -0.018
1.277 0.297 2.000 44.000 7.500 -0.050
1.104 0.348 2.000 48.000 7.500 -0.000
1.215 0.336 2.000 50.000 7.500 -0.104
0.892 0.348 2.000 51.000 7.500 -0.111
0.831 0.969 2.000 53.000 7.500 -0.042
0.939 1.004 2.000 55.000 7.500 -0.078
0.891 0.336 2.000 60.000 7.500 -0.002
0.896 0.258 2.000 62.000 7.500 -0.006
0.838 0.262 2.000 64.000 7.500 -0.017
1.019 0.348 2.000 68.000 7.500 0.000
1.097 0.359 2.000 69.000 7.500 -0.001
1.099 0.371 2.000 70.000 7.500 -0.002
0.971 0.371 2.000 71.000 7.500 -0.006
0.559 2.777 2.000 72.000 7.500 0.001
0.846 0.273 2.000 74.000 7.500 -0.013
0.733 0.289 2.000 75.000 7.500 -0.023
0.563 3.602 2.000 76.000 7.500 -0.031
0.585 3.227 2.000 77.000 7.500 -0.022
1.354 0.395 2.000 78.000 7.500 -0.010
1.253 0.289 2.000 80.000 7.500 -0.025
1.112 0.316 2.000 82.000 7.500 -0.053
0.839 0.344 2.000 84.000 7.500 -0.072
1.205 0.348 2.000 86.000 7.500 -0.000
1.376 0.363 2.000 88.000 7.500 -0.001
1.453 0.383 2.000 90.000 7.500 -0.004
1.258 0.348 2.000 91.000 7.500 -0.000
1.456 0.367 2.000 92.000 7.500 -0.001
0.553 0.602 2.000 93.000 7.500 -0.036
0.503 0.348 2.000 94.000 7.500 0.035
0.592 0.266 2.000 105.000 7.500 -0.001
0.525 0.254 2.000 106.000 7.500 -0.002
0.617 0.273 2.000 109.000 7.500 -0.000
0.793 0.340 2.000 110.000 7.500 0.000
0.521 3.453 2.000 117.000 7.500 -0.012
1.921 0.438 2.000 119.000 8.000 -0.006
1.750 0.473 2.000 120.000 8.000 -0.017
1.805 0.508 2.000 121.000 8.000 -0.039
1.964 0.488 2.000 122.000 8.000 -0.081
1.644 0.438 2.000 123.000 8.000 -0.026
1.860 0.996 2.000 124.000 8.000 -0.068
1.384 2.176 2.000 125.000 8.000 -0.002
1.383 2.137 2.000 126.000 8.000 -0.003
1.100 2.023 2.000 127.000 8.000 -0.005
0.799 2.293 2.000 128.000 8.000 -0.008
0.512 2.191 2.000 129.000 8.000 -0.006
0.941 2.484 2.000 130.000 8.000 -0.010
2.208 1.062 2.000 131.000 8.000 -0.158
0.766 2.371 2.000 132.000 8.000 -0.008
1.054 3.469 2.000 133.000 8.000 -0.008
1.101 3.449 2.000 134.000 8.000 -0.010
0.933 0.598 2.000 135.000 8.000 -0.012
0.929 0.641 2.000 136.000 8.000 -0.012
1.122 3.547 2.000 137.000 8.000 -0.009
1.187 3.535 2.000 138.000 8.000 -0.014
1.157 3.523 2.000 139.000 8.000 -0.017
1.051 0.680 2.000 140.000 8.000 -0.018
1.304 2.234 2.000 141.000 8.000 -0.003
1.196 2.211 2.000 142.000 8.000 -0.005
1.338 0.398 2.000 143.000 8.000 -0.002
1.231 0.414 2.000 144.000 8.000 -0.005
1.048 0.730 2.000 145.000 8.000 -0.016
2.732 0.691 2.000 146.000 8.000 -0.142
0.839 0.758 2.000 147.000 8.000 -0.011
2.601 0.645 2.000 148.000 8.000 0.196
0.776 2.117 2.000 149.000 8.000 -0.004
3.404 0.508 2.000 150.000 8.000 -0.057
0.702 0.559 2.000 151.000 8.000 -0.006
3.589 0.531 2.000 152.000 8.000 -0.147
0.638 2.258 2.000 153.000 8.000 -0.006
3.651 0.410 2.000 154.000 8.000 -0.307
0.505 0.629 2.000 155.000 8.000 -0.006
3.095 0.465 2.000 156.000 8.000 -0.366
2.905 0.465 2.000 157.000 8.000 -0.025
0.886 1.953 2.000 158.000 8.000 -0.001
2.937 0.504 2.000 159.000 8.000 -0.069
0.773 2.176 2.000 160.000 8.000 -0.002
3.388 0.512 2.000 161.000 8.000 -0.176
0.853 2.148 2.000 162.000 8.000 -0.003
3.448 0.434 2.000 163.000 8.000 -0.339
1.107 1.992 2.000 164.000 8.000 -0.001
0.962 1.957 2.000 165.000 8.000 -0.002
0.795 3.191 2.000 166.000 8.000 -0.004
2.993 0.438 2.000 167.000 8.000 -0.007
0.505 2.195 2.000 168.000 8.000 -0.006
2.837 1.141 2.000 169.000 8.000 -0.337
2.596 0.684 2.000 170.000 8.000 -0.061
0.815 0.547 2.000 171.000 8.000 -0.005
2.829 1.145 2.000 172.000 8.000 -0.333
0.899 0.562 2.000 173.000 8.000 -0.007
2.670 1.145 2.000 174.000 8.000 -0.265
0.831 0.582 2.000 175.000 8.000 -0.007
0.747 2.277 2.000 176.000 8.000 -0.007
0.770 0.539 2.000 177.000 8.000 -0.006
0.865 0.570 2.000 178.000 8.000 -0.008
2.113 0.469 2.000 179.000 8.000 -0.028
0.887 0.602 2.000 180.000 8.000 -0.009
2.332 0.500 2.000 181.000 8.000 -0.076
0.888 2.395 2.000 182.000 8.000 -0.009
2.744 0.379 2.000 183.000 8.000 -0.190
1.321 2.039 2.000 184.000 8.000 -0.002
1.128 2.004 2.000 185.000 8.000 -0.003
0.936 3.270 2.000 186.000 8.000 -0.005
2.710 0.422 2.000 187.000 8.000 -0.003
2.511 0.449 2.000 188.000 8.000 -0.010
2.310 0.484 2.000 189.000 8.000 -0.029
2.400 0.523 2.000 190.000 8.000 -0.073
1.336 1.898 2.000 191.000 8.000 0.164
0.616 0.570 2.000 192.000 8.000 -0.004
2.710 0.375 2.000 193.000 8.000 -0.162
2.493 0.445 2.000 194.000 8.000 -0.255
1.882 0.434 2.000 195.000 8.000 -0.198
1.757 3.383 2.000 196.000 8.000 -0.017
3.165 0.531 2.000 197.000 8.000 -0.112
0.504 3.555 2.000 198.000 8.000 -0.001
3.382 0.391 2.000 199.000 8.000 -0.248
0.516 3.523 2.000 200.000 8.000 -0.002
2.983 0.461 2.000 201.000 8.000 -0.347
0.662 0.562 2.000 202.000 8.000 -0.003
2.189 0.434 2.000 203.000 8.000 -0.200
0.618 2.188 2.000 204.000 8.000 -0.000
3.476 0.426 2.000 205.000 8.000 -0.004
0.676 3.547 2.000 206.000 8.000 -0.001
3.298 0.457 2.000 207.000 8.000 -0.015
0.712 3.520 2.000 208.000 8.000 -0.003
3.064 0.496 2.000 209.000 8.000 -0.043
3.716 0.430 2.000 210.000 8.000 -0.006
3.609 0.465 2.000 211.000 8.000 -0.020
2.003 0.590 2.000 212.000 8.000 0.083
2.061 0.379 2.000 213.000 8.000 0.351
0.637 3.480 2.000 214.000 8.000 -0.004
1.113 0.777 2.000 215.000 8.000 -0.029
0.571 0.289 2.000 216.000 8.000 -0.005
1.074 0.828 2.000 217.000 8.000 -0.019
0.524 0.617 2.000 218.000 8.000 -0.005
0.738 0.824 2.000 219.000 8.000 -0.006
1.137 0.426 2.000 220.000 8.000 -0.010
1.141 3.602 2.000 221.000 8.000 -0.017
1.123 3.594 2.000 222.000 8.000 -0.026
1.214 3.855 2.000 223.000 8.000 -0.031
1.404 0.445 2.000 224.000 8.000 -0.009
1.375 0.473 2.000 225.000 8.000 -0.020
1.404 0.461 2.000 226.000 8.000 -0.036
1.334 0.336 2.000 227.000 8.000 -0.055
1.534 0.422 2.000 228.000 8.000 -0.004
2.088 0.410 2.000 229.000 8.000 -0.002
1.462 3.629 2.000 230.000 8.000 -0.061
1.448 3.629 2.000 231.000 8.000 -0.045
1.148 3.602 2.000 232.000 8.000 -0.013
0.679 3.508 2.000 233.000 8.000 0.018
1.858 0.398 2.000 234.000 8.000 -0.128
1.761 3.316 2.000 235.000 8.000 -0.125
1.710 3.312 2.000 236.000 8.000 -0.055
1.226 3.289 2.000 237.000 8.000 0.032
5.391 0.629 2.000 238.000 8.500 -0.136
5.914 0.637 2.000 239.000 8.500 -0.338
5.827 0.504 2.000 240.000 8.500 -0.709
5.503 0.574 2.000 241.000 8.500 -0.882
5.680 0.609 2.000 242.000 8.500 -0.547
5.575 0.574 2.000 243.000 8.500 -0.901
2.776 0.586 2.000 244.000 8.500 -0.030
3.043 0.613 2.000 245.000 8.500 -0.060
3.157 0.625 2.000 246.000 8.500 -0.111
1.601 2.363 2.000 247.000 8.500 -0.028
1.472 2.312 2.000 248.000 8.500 0.000
2.494 3.688 2.000 249.000 8.500 -0.035
5.052 0.555 2.000 250.000 8.500 -0.690
1.810 3.648 2.000 251.000 8.500 0.024
3.101 0.570 2.000 252.000 8.500 -0.176
2.846 0.484 2.000 253.000 8.500 -0.213
2.521 3.742 2.000 254.000 8.500 -0.181
2.719 3.719 2.000 255.000 8.500 -0.108
3.975 0.621 2.000 256.000 8.500 -0.267
3.779 0.543 2.000 257.000 8.500 -0.396
3.227 0.562 2.000 258.000 8.500 -0.371
3.397 3.809 2.000 259.000 8.500 -0.210
3.508 0.621 2.000 260.000 8.500 -0.065
3.910 0.641 2.000 261.000 8.500 -0.137
3.805 0.613 2.000 262.000 8.500 -0.056
4.516 0.637 2.000 263.000 8.500 -0.131
3.026 3.766 2.000 264.000 8.500 -0.047
4.047 0.801 2.000 265.000 8.500 0.433
2.312 3.730 2.000 266.000 8.500 0.078
4.052 0.707 2.000 267.000 8.500 0.920
2.047 0.871 2.000 268.000 8.500 -0.050
6.265 0.598 2.000 269.000 8.500 -0.630
1.523 2.215 2.000 270.000 8.500 -0.052
6.073 0.578 2.000 271.000 8.500 -0.935
1.783 2.617 2.000 272.000 8.500 -0.043
5.430 1.242 2.000 273.000 8.500 -0.620
1.768 2.539 2.000 274.000 8.500 -0.032
4.609 1.219 2.000 275.000 8.500 -0.067
6.203 0.637 2.000 276.000 8.500 -0.338
2.454 0.512 2.000 277.000 8.500 -0.014
6.231 0.504 2.000 278.000 8.500 -0.731
2.373 0.531 2.000 279.000 8.500 -0.025
5.933 0.578 2.000 280.000 8.500 -0.917
2.354 1.008 2.000 281.000 8.500 -0.038
5.331 1.238 2.000 282.000 8.500 -0.490
2.561 3.574 2.000 283.000 8.500 -0.020
2.403 3.562 2.000 284.000 8.500 -0.035
2.454 1.109 2.000 285.000 8.500 -0.054
5.655 0.629 2.000 286.000 8.500 -0.129
1.742 2.199 2.000 287.000 8.500 -0.024
4.280 1.215 2.000 288.000 8.500 0.061
4.047 0.770 2.000 289.000 8.500 0.558
2.158 0.930 2.000 290.000 8.500 -0.071
4.975 1.215 2.000 291.000 8.500 -0.339
1.746 0.414 2.000 292.000 8.500 -0.075
4.048 0.832 2.000 293.000 8.500 0.192
1.896 2.238 2.000 294.000 8.500 -0.064
1.883 2.234 2.000 295.000 8.500 -0.043
2.433 0.391 2.000 296.000 8.500 -0.107
2.160 0.434 2.000 297.000 8.500 -0.117
6.111 0.633 2.000 298.000 8.500 -0.429
1.808 3.645 2.000 299.000 8.500 -0.099
6.066 0.547 2.000 300.000 8.500 -0.834
1.866 3.621 2.000 301.000 8.500 -0.064
5.657 0.570 2.000 302.000 8.500 -0.842
2.426 0.578 2.000 303.000 8.500 -0.026
2.576 0.598 2.000 304.000 8.500 -0.048
2.571 0.598 2.000 305.000 8.500 -0.078
4.802 0.605 2.000 306.000 8.500 -0.065
5.851 0.633 2.000 307.000 8.500 -0.180
6.149 0.633 2.000 308.000 8.500 -0.441
6.075 0.543 2.000 309.000 8.500 -0.839
4.056 0.707 2.000 310.000 8.500 1.024
1.614 0.359 2.000 311.000 8.500 -0.028
5.630 0.570 2.000 312.000 8.500 -0.832
4.730 0.520 2.000 313.000 8.500 -0.350
4.043 0.805 2.000 314.000 8.500 0.146
4.049 0.766 2.000 315.000 8.500 0.585
6.129 0.566 2.000 316.000 8.500 -0.910
1.692 0.402 2.000 317.000 8.500 -0.008
5.526 0.562 2.000 318.000 8.500 -0.735
1.639 0.289 2.000 319.000 8.500 -0.015
4.672 1.195 2.000 320.000 8.500 -0.200
1.687 0.320 2.000 321.000 8.500 -0.023
4.049 0.828 2.000 322.000 8.500 0.299
2.346 0.477 2.000 323.000 8.500 -0.009
5.105 0.613 2.000 324.000 8.500 -0.082
2.145 0.473 2.000 325.000 8.500 -0.018
6.032 0.637 2.000 326.000 8.500 -0.224
1.891 0.297 2.000 327.000 8.500 -0.028
6.259 0.621 2.000 328.000 8.500 -0.536
5.332 0.621 2.000 329.000 8.500 -0.101
6.136 0.641 2.000 330.000 8.500 -0.273
4.055 0.754 2.000 331.000 8.500 0.764
4.054 0.617 2.000 332.000 8.500 1.232
1.599 0.352 2.000 333.000 8.500 -0.036
3.323 3.812 2.000 334.000 8.500 -0.093
1.482 2.516 2.000 335.000 8.500 -0.036
2.672 2.121 2.000 336.000 8.500 0.150
1.699 2.473 2.000 337.000 8.500 -0.032
2.558 0.656 2.000 338.000 8.500 0.339
4.782 0.637 2.000 339.000 8.500 -0.296
4.642 0.516 2.000 340.000 8.500 -0.556
4.237 0.574 2.000 341.000 8.500 -0.648
3.604 3.844 2.000 342.000 8.500 -0.403
5.345 0.641 2.000 343.000 8.500 -0.229
5.457 0.609 2.000 344.000 8.500 -0.514
5.145 0.566 2.000 345.000 8.500 -0.811
4.523 0.559 2.000 346.000 8.500 -0.665
4.570 0.629 2.000 347.000 8.500 -0.093
4.022 0.598 2.000 348.000 8.500 -0.049
3.736 0.703 2.000 349.000 8.500 -0.244
3.860 0.672 2.000 350.000 8.500 0.136
3.932 0.633 2.000 351.000 8.500 0.451
3.907 0.590 2.000 352.000 8.500 0.736
4.765 0.539 2.000 353.000 8.500 -0.518
4.018 0.750 2.000 354.000 8.500 -0.037
4.037 0.738 2.000 355.000 8.500 0.376
4.054 0.707 2.000 356.000 8.500 0.760
7.941 0.695 2.000 357.000 9.000 -2.071
7.953 0.715 2.000 363.000 9.000 -1.169
8.340 0.680 2.000 364.000 9.000 -1.858
8.150 0.680 2.000 379.000 9.000 -1.886
7.792 0.645 2.000 381.000 9.000 -1.681
8.077 0.695 2.000 382.000 9.000 -2.037
7.877 3.004 2.000 395.000 9.000 -1.344
9.531 0.734 2.000 396.000 9.000 -0.346
9.494 0.727 2.000 398.000 9.000 -0.675
9.360 0.727 2.000 402.000 9.000 -0.603
9.188 0.703 2.000 403.000 9.000 -1.129
7.926 3.051 2.000 405.000 9.000 -2.067
8.542 0.723 2.000 422.000 9.000 -0.964
8.531 0.645 2.000 423.000 9.000 -1.631
7.556 0.633 2.000 425.000 9.000 -1.641
7.865 0.691 2.000 426.000 9.000 -1.977
7.444 0.742 2.000 436.000 9.000 -0.244
8.968 0.727 2.000 442.000 9.000 -0.244
7.731 0.668 2.000 443.000 9.000 -1.831
8.917 0.738 2.000 444.000 9.000 -0.480
8.171 3.008 2.000 445.000 9.000 -1.818
7.864 0.688 2.000 448.000 9.000 -1.981
8.281 3.008 2.000 449.000 9.000 -1.613
7.809 0.680 2.000 462.000 9.000 -1.710
7.955 0.691 2.000 466.000 9.000 -2.009
7.356 0.703 2.000 467.000 9.000 -1.395
11.942 0.547 2.000 595.000 8.686 -0.097
11.557 0.551 2.000 596.000 8.686 -0.085
11.853 0.547 2.000 597.000 8.686 -0.101
10.974 0.551 2.000 598.000 8.686 -0.079
11.857 0.547 2.000 599.000 8.686 -0.104
10.538 0.551 2.000 600.000 8.686 -0.077
10.541 0.551 2.000 601.000 8.686 -0.072
9.228 0.551 2.000 602.000 8.686 -0.061
10.794 0.551 2.000 603.000 8.686 -0.078
8.317 0.555 2.000 604.000 8.686 -0.057
10.744 0.551 2.000 605.000 8.686 -0.077
7.945 0.555 2.000 606.000 8.686 -0.056
8.732 0.547 2.000 607.000 8.686 -0.059
6.768 0.551 2.000 608.000 8.686 -0.050
9.610 0.547 2.000 609.000 8.686 -0.065
5.936 0.547 2.000 610.000 8.686 -0.047
9.851 0.547 2.000 611.000 8.686 -0.071
5.659 0.547 2.000 612.000 8.686 -0.046
8.429 0.508 2.000 613.000 8.686 -0.033
6.478 0.500 2.000 614.000 8.686 -0.030
9.488 0.512 2.000 615.000 8.686 -0.034
5.787 0.492 2.000 616.000 8.686 -0.029
10.028 0.508 2.000 617.000 8.686 -0.033
5.568 0.488 2.000 618.000 8.686 -0.029
4.260 0.512 2.000 619.000 8.686 -0.030
3.951 2.301 2.000 620.000 8.686 -0.026
4.972 0.531 2.000 621.000 8.686 -0.033
3.918 2.289 2.000 622.000 8.686 -0.024
5.218 0.531 2.000 623.000 8.686 -0.035
3.893 2.285 2.000 624.000 8.686 -0.024
3.786 0.816 2.000 625.000 8.686 -0.021
3.780 0.785 2.000 626.000 8.686 -0.019
4.007 0.465 2.000 627.000 8.686 -0.021
3.695 0.770 2.000 628.000 8.686 -0.018
4.441 0.465 2.000 629.000 8.686 -0.021
3.561 0.762 2.000 630.000 8.686 -0.018
3.548 0.562 2.000 631.000 8.686 -0.019
3.225 0.516 2.000 632.000 8.686 -0.018
3.708 2.105 2.000 633.000 8.686 -0.020
2.959 0.434 2.000 634.000 8.686 -0.018
3.829 2.113 2.000 635.000 8.686 -0.021
2.862 0.434 2.000 636.000 8.686 -0.018
12.161 0.555 2.000 637.000 8.769 -0.106
10.265 0.551 2.000 638.000 8.769 -0.088
12.613 0.555 2.000 639.000 8.769 -0.114
9.148 0.551 2.000 640.000 8.769 -0.081
12.710 0.555 2.000 641.000 8.769 -0.118
8.756 0.547 2.000 642.000 8.769 -0.079
12.770 0.555 2.000 643.000 8.769 -0.121
8.596 0.547 2.000 644.000 8.769 -0.077
10.057 0.555 2.000 645.000 8.769 -0.076
7.966 0.555 2.000 646.000 8.769 -0.064
10.894 0.555 2.000 647.000 8.769 -0.084
7.080 0.551 2.000 648.000 8.769 -0.059
11.059 0.555 2.000 649.000 8.769 -0.086
6.814 0.551 2.000 650.000 8.769 -0.057
11.056 0.555 2.000 651.000 8.769 -0.086
6.692 0.551 2.000 652.000 8.769 -0.057
7.952 0.551 2.000 653.000 8.769 -0.064
5.745 0.547 2.000 654.000 8.769 -0.053
9.277 0.551 2.000 655.000 8.769 -0.072
5.022 0.543 2.000 656.000 8.769 -0.049
9.773 0.551 2.000 657.000 8.769 -0.078
4.814 0.535 2.000 658.000 8.769 -0.047
9.986 0.551 2.000 659.000 8.769 -0.082
4.722 0.531 2.000 660.000 8.769 -0.046
8.040 0.508 2.000 661.000 8.769 -0.037
5.975 0.492 2.000 662.000 8.769 -0.032
9.302 0.516 2.000 663.000 8.769 -0.039
5.368 0.484 2.000 664.000 8.769 -0.031
9.945 0.512 2.000 665.000 8.769 -0.039
5.184 0.480 2.000 666.000 8.769 -0.030
10.322 0.512 2.000 667.000 8.769 -0.038
5.104 0.477 2.000 668.000 8.769 -0.030
3.948 2.328 2.000 669.000 8.769 -0.036
3.888 2.301 2.000 670.000 8.769 -0.031
4.721 0.535 2.000 671.000 8.769 -0.039
3.756 2.289 2.000 672.000 8.769 -0.030
5.131 0.535 2.000 673.000 8.769 -0.041
3.708 2.289 2.000 674.000 8.769 -0.030
5.316 0.535 2.000 675.000 8.769 -0.042
3.697 2.285 2.000 676.000 8.769 -0.030
16.054 0.566 2.000 677.000 8.887 -0.159
13.561 0.566 2.000 678.000 8.887 -0.132
16.619 0.566 2.000 679.000 8.887 -0.171
12.092 0.562 2.000 680.000 8.887 -0.122
16.687 0.566 2.000 681.000 8.887 -0.177
11.618 0.559 2.000 682.000 8.887 -0.118
16.775 0.566 2.000 683.000 8.887 -0.181
11.403 0.559 2.000 684.000 8.887 -0.116
13.311 0.570 2.000 685.000 8.887 -0.115
10.478 0.570 2.000 686.000 8.887 -0.095
14.394 0.562 2.000 687.000 8.887 -0.126
9.291 0.566 2.000 688.000 8.887 -0.088
14.615 0.562 2.000 689.000 8.887 -0.129
8.950 0.566 2.000 690.000 8.887 -0.086
14.604 0.562 2.000 691.000 8.887 -0.128
8.794 0.566 2.000 692.000 8.887 -0.085
10.509 0.566 2.000 693.000 8.887 -0.097
7.629 0.562 2.000 694.000 8.887 -0.079
12.250 0.570 2.000 695.000 8.887 -0.108
6.799 0.555 2.000 696.000 8.887 -0.073
12.969 0.562 2.000 697.000 8.887 -0.116
6.572 0.555 2.000 698.000 8.887 -0.070
13.276 0.566 2.000 699.000 8.887 -0.123
6.460 0.555 2.000 700.000 8.887 -0.069
10.368 0.531 2.000 701.000 8.887 -0.055
7.943 0.520 2.000 702.000 8.887 -0.049
11.822 0.535 2.000 703.000 8.887 -0.058
7.206 0.512 2.000 704.000 8.887 -0.046
12.440 0.535 2.000 705.000 8.887 -0.058
6.979 0.508 2.000 706.000 8.887 -0.045
12.787 0.535 2.000 707.000 8.887 -0.057
6.878 0.508 2.000 708.000 8.887 -0.045
5.315 0.551 2.000 709.000 8.887 -0.053
3.967 2.332 2.000 710.000 8.887 -0.046
6.367 0.555 2.000 711.000 8.887 -0.058
3.969 2.324 2.000 712.000 8.887 -0.045
6.846 0.559 2.000 713.000 8.887 -0.061
3.953 2.320 2.000 714.000 8.887 -0.045
7.083 0.559 2.000 715.000 8.887 -0.063
3.955 2.320 2.000 716.000 8.887 -0.044
15.571 0.570 2.000 717.000 8.951 -0.165
12.277 0.562 2.000 718.000 8.951 -0.132
16.806 0.566 2.000 719.000 8.951 -0.183
10.923 0.559 2.000 720.000 8.951 -0.120
17.148 0.566 2.000 721.000 8.951 -0.191
10.540 0.562 2.000 722.000 8.951 -0.116
17.297 0.566 2.000 723.000 8.951 -0.195
10.386 0.562 2.000 724.000 8.951 -0.114
17.404 0.566 2.000 725.000 8.951 -0.199
10.301 0.562 2.000 726.000 8.951 -0.112
12.602 0.570 2.000 727.000 8.951 -0.119
9.485 0.570 2.000 728.000 8.951 -0.096
14.178 0.570 2.000 729.000 8.951 -0.132
8.479 0.562 2.000 730.000 8.951 -0.088
14.607 0.570 2.000 731.000 8.951 -0.138
8.195 0.562 2.000 732.000 8.951 -0.086
14.701 0.570 2.000 733.000 8.951 -0.139
8.073 0.562 2.000 734.000 8.951 -0.085
14.717 0.570 2.000 735.000 8.951 -0.138
8.009 0.562 2.000 736.000 8.951 -0.085
9.886 0.566 2.000 737.000 8.951 -0.104
7.087 0.555 2.000 738.000 8.951 -0.085
11.852 0.562 2.000 739.000 8.951 -0.118
6.386 0.551 2.000 740.000 8.951 -0.079
12.787 0.562 2.000 741.000 8.951 -0.127
6.180 0.547 2.000 742.000 8.951 -0.078
13.197 0.570 2.000 743.000 8.951 -0.133
6.095 0.547 2.000 744.000 8.951 -0.077
13.446 0.570 2.000 745.000 8.951 -0.138
6.049 0.547 2.000 746.000 8.951 -0.077
15.057 0.570 2.000 747.000 9.004 -0.171
11.435 0.562 2.000 748.000 9.004 -0.135
16.735 0.566 2.000 749.000 9.004 -0.193
10.251 0.562 2.000 750.000 9.004 -0.123
17.259 0.566 2.000 751.000 9.004 -0.203
9.929 0.559 2.000 752.000 9.004 -0.120
17.474 0.566 2.000 753.000 9.004 -0.208
9.787 0.559 2.000 754.000 9.004 -0.119
17.603 0.566 2.000 755.000 9.004 -0.211
9.714 0.555 2.000 756.000 9.004 -0.118
17.704 0.566 2.000 757.000 9.004 -0.214
9.674 0.555 2.000 758.000 9.004 -0.118
17.977 0.578 2.000 759.000 9.087 -0.228
13.928 0.570 2.000 760.000 9.087 -0.180
20.015 0.578 2.000 761.000 9.087 -0.257
12.506 0.566 2.000 762.000 9.087 -0.164
20.773 0.578 2.000 763.000 9.087 -0.270
12.082 0.566 2.000 764.000 9.087 -0.160
21.012 0.578 2.000 765.000 9.087 -0.277
11.913 0.566 2.000 766.000 9.087 -0.158
21.214 0.578 2.000 767.000 9.087 -0.282
11.832 0.566 2.000 768.000 9.087 -0.157
21.394 0.578 2.000 769.000 9.087 -0.285
11.777 0.566 2.000 770.000 9.087 -0.157
