760
737
727
627
125
603
323
651
669
33
40
704
181
678
698
80
639
763
84
72
220
267
674
306
286
134
70
183
685
715
703
262
278
207
260
753
664
623
701
91
2
713
242
395
352
140
1
326
244
188
210
157
291
76
466
382
720
706
364
724
51
622
694
764
443
223
194
151
666
64
310
656
618
667
197
722
127
169
252
602
211
381
150
345
38
670
82
322
398
179
293
264
717
595
596
143
257
172
185
88
312
221
216
693
621
626
640
203
325
239
162
682
613
344
615
155
672
605
350
343
745
265
182
226
354
462
315
284
190
77
467
289
128
695
292
353
237
298
679
743
29
4
643
0
661
235
611
165
607
148
42
120
719
212
402
219
122
396
642
718
154
646
673
269
746
735
287
279
321
5
442
379
250
635
231
750
700
50
633
282
705
187
302
638
105
201
246
692
707
119
249
261
299
196
422
690
206
176
243
253
333
146
688
644
301
712
632
423
629
616
296
649
748
752
202
3
200
213
217
733
139
614
259
117
224
174
316
124
27
266
324
332
276
137
425
129
238
159
631
601
263
641
617
351
716
766
184
130
69
191
126
770
347
48
71
254
757
711
767
133
731
653
676
749
170
723
225
317
247
135
697
600
348
218
747
637
233
288
329
356
691
445
283
255
761
714
630
131
660
106
647
330
624
62
163
721
654
110
683
342
739
675
136
272
328
313
297
142
167
166
689
295
736
741
619
759
68
227
699
309
192
147
109
349
189
186
702
271
663
331
193
658
339
92
449
655
599
153
180
164
240
290
729
138
744
634
597
78
281
168
205
645
346
334
710
285
363
156
610
149
650
160
357
341
74
448
277
436
755
37
318
725
726
665
121
245
751
44
355
275
340
686
625
732
208
214
709
648
228
248
681
612
