40
44
406
323
199
38
9
371
126
104
481
22
140
11
129
20
236
130
325
165
146
239
298
238
63
487
31
161
76
376
21
303
317
461
72
339
153
427
415
449
245
235
447
250
328
396
205
89
54
106
266
347
163
242
457
204
189
160
267
475
473
108
102
307
453
201
187
390
459
172
258
231
269
327
6
135
225
399
43
477
167
182
381
75
251
268
355
403
109
378
234
211
484
92
387
488
299
83
479
456
446
346
56
322
254
370
388
10
14
423
112
397
417
35
358
482
37
29
151
198
393
237
217
65
27
114
404
434
422
193
209
138
191
472
383
342
420
41
2
432
173
294
283
71
1
257
175
119
141
88
222
32
312
293
439
425
290
443
19
341
413
483
306
154
125
82
385
24
241
375
337
386
128
441
58
100
183
321
142
292
81
276
13
389
36
253
296
110
224
195
436
314
315
74
188
103
116
39
243
152
147
412
340
345
359
134
256
170
93
401
332
275
334
86
391
324
281
274
464
196
113
157
285
311
246
215
121
33
313
220
59
414
223
284
168
229
398
462
8
4
362
0
380
166
330
96
326
79
15
51
438
143
297
150
53
295
361
437
85
365
392
200
465
454
218
210
252
5
305
291
181
354
162
469
419
18
352
213
424
118
233
357
45
132
177
411
426
50
180
192
230
127
300
409
94
440
373
48
402
273
458
394
67
203
259
244
228
73
98
97
408
226
455
460
338
478
25
158
418
240
123
78
47
280
120
117
421
202
382
262
124
377
270
42
310
374
318
84
111
95
171
221
448
69
463
353
316
34
212
99
136
364
277
265
429
216
289
87
329
80
369
91
288
272
30
309
208
304
474
12
249
444
445
384
52
176
470
16
286
206
271
405
344
451
139
145
428
367
159
179
400
331
