1.346 0.168 2.000 119.000 8.000 -0.010
1.284 0.207 2.000 120.000 8.000 -0.031
1.208 0.242 2.000 121.000 8.000 -0.087
1.202 0.102 2.000 122.000 8.000 -0.215
0.852 0.238 2.000 125.000 8.000 -0.005
0.836 1.434 2.000 126.000 8.000 -0.012
0.811 1.477 2.000 127.000 8.000 -0.028
0.260 1.465 2.000 128.000 8.000 -0.007
0.174 1.402 2.000 129.000 8.000 0.009
0.441 1.574 2.000 130.000 8.000 -0.017
0.388 1.398 2.000 132.000 8.000 0.029
0.719 1.508 2.000 133.000 8.000 -0.057
0.678 1.391 2.000 134.000 8.000 -0.096
0.521 1.484 2.000 135.000 8.000 -0.112
0.501 2.863 2.000 136.000 8.000 -0.075
0.825 1.500 2.000 137.000 8.000 -0.059
0.836 1.496 2.000 138.000 8.000 -0.129
0.789 1.441 2.000 139.000 8.000 -0.215
0.635 2.016 2.000 140.000 8.000 -0.203
1.039 0.246 2.000 141.000 8.000 -0.009
0.880 0.297 2.000 142.000 8.000 -0.024
1.289 0.207 2.000 143.000 8.000 -0.005
1.188 0.250 2.000 144.000 8.000 -0.015
0.541 1.609 2.000 145.000 8.000 -0.072
0.327 1.164 2.000 146.000 8.000 -0.054
0.632 1.555 2.000 147.000 8.000 0.061
0.502 1.652 2.000 148.000 8.000 0.182
0.362 1.312 2.000 149.000 8.000 -0.017
0.325 2.547 2.000 151.000 8.000 -0.017
0.361 0.492 2.000 152.000 8.000 -0.085
0.252 2.531 2.000 153.000 8.000 -0.014
0.473 0.473 2.000 154.000 8.000 -0.177
0.162 3.590 2.000 155.000 8.000 -0.009
0.455 0.477 2.000 156.000 8.000 -0.206
0.722 1.402 2.000 158.000 8.000 -0.004
0.608 1.418 2.000 160.000 8.000 -0.008
0.511 1.422 2.000 162.000 8.000 -0.013
0.353 0.418 2.000 163.000 8.000 -0.085
0.833 1.410 2.000 164.000 8.000 -0.005
0.702 1.441 2.000 165.000 8.000 -0.011
0.612 1.465 2.000 166.000 8.000 -0.018
0.136 2.680 2.000 168.000 8.000 -0.006
0.309 1.090 2.000 169.000 8.000 -0.084
0.362 1.574 2.000 170.000 8.000 -0.011
0.475 1.348 2.000 171.000 8.000 -0.026
0.308 1.543 2.000 172.000 8.000 -0.036
0.384 2.613 2.000 173.000 8.000 -0.029
0.337 1.531 2.000 174.000 8.000 -0.032
0.346 2.633 2.000 175.000 8.000 -0.024
0.240 2.562 2.000 176.000 8.000 -0.015
0.599 1.477 2.000 177.000 8.000 -0.041
0.478 1.441 2.000 178.000 8.000 -0.052
0.449 2.887 2.000 180.000 8.000 -0.048
0.370 2.855 2.000 182.000 8.000 -0.029
0.267 0.594 2.000 183.000 8.000 -0.026
0.873 1.406 2.000 184.000 8.000 -0.005
0.812 1.449 2.000 185.000 8.000 -0.013
0.682 1.480 2.000 186.000 8.000 -0.025
1.050 0.102 2.000 187.000 8.000 -0.003
1.109 0.121 2.000 188.000 8.000 -0.012
1.070 0.145 2.000 189.000 8.000 -0.037
1.039 0.016 2.000 190.000 8.000 -0.102
0.884 0.090 2.000 191.000 8.000 0.456
0.191 0.293 2.000 192.000 8.000 -0.008
1.131 0.027 2.000 193.000 8.000 -0.247
1.131 0.062 2.000 194.000 8.000 -0.383
0.780 0.094 2.000 195.000 8.000 -0.235
0.587 0.363 2.000 196.000 8.000 0.107
0.370 0.551 2.000 197.000 8.000 -0.105
0.544 0.000 2.000 199.000 8.000 -0.244
0.251 2.438 2.000 200.000 8.000 -0.004
0.725 0.000 2.000 201.000 8.000 -0.331
0.249 0.258 2.000 202.000 8.000 -0.007
0.498 0.000 2.000 203.000 8.000 -0.140
0.548 1.379 2.000 204.000 8.000 -0.003
0.427 1.375 2.000 206.000 8.000 -0.005
0.311 1.238 2.000 208.000 8.000 -0.009
0.342 1.238 2.000 209.000 8.000 -0.038
0.490 0.293 2.000 212.000 8.000 0.181
0.700 3.062 2.000 213.000 8.000 0.491
0.268 2.457 2.000 214.000 8.000 -0.011
0.769 2.020 2.000 215.000 8.000 -0.216
0.216 2.461 2.000 216.000 8.000 -0.011
0.705 1.602 2.000 217.000 8.000 0.031
0.182 3.555 2.000 218.000 8.000 -0.009
0.859 1.391 2.000 219.000 8.000 0.250
1.005 0.297 2.000 220.000 8.000 -0.043
0.906 0.332 2.000 221.000 8.000 -0.108
0.921 0.195 2.000 222.000 8.000 -0.236
0.899 0.285 2.000 223.000 8.000 -0.338
1.328 0.238 2.000 224.000 8.000 -0.023
1.157 0.285 2.000 225.000 8.000 -0.065
1.100 0.297 2.000 226.000 8.000 -0.165
1.136 0.207 2.000 227.000 8.000 -0.330
1.435 0.195 2.000 228.000 8.000 -0.007
1.277 0.133 2.000 229.000 8.000 -0.002
1.003 0.281 2.000 230.000 8.000 -0.365
0.620 2.016 2.000 231.000 8.000 -0.124
0.794 1.566 2.000 232.000 8.000 0.196
1.013 1.445 2.000 233.000 8.000 0.469
1.210 0.172 2.000 234.000 8.000 -0.380
0.944 0.219 2.000 235.000 8.000 -0.316
0.508 0.445 2.000 236.000 8.000 -0.002
0.802 0.238 2.000 237.000 8.000 0.349
2.901 0.414 2.000 238.000 8.500 -0.153
2.864 0.465 2.000 239.000 8.500 -0.397
2.917 0.297 2.000 240.000 8.500 -0.825
2.605 0.422 2.000 241.000 8.500 -0.882
0.740 1.246 2.000 242.000 8.500 -0.173
1.074 1.246 2.000 243.000 8.500 -0.264
2.724 0.430 2.000 244.000 8.500 -0.089
2.664 0.484 2.000 245.000 8.500 -0.216
2.601 0.469 2.000 246.000 8.500 -0.490
1.756 1.621 2.000 247.000 8.500 0.407
1.742 1.516 2.000 248.000 8.500 0.584
1.882 1.645 2.000 249.000 8.500 0.488
1.116 1.262 2.000 250.000 8.500 -0.211
2.156 1.445 2.000 251.000 8.500 0.831
2.565 0.449 2.000 252.000 8.500 -0.838
2.153 0.426 2.000 253.000 8.500 -0.797
1.456 2.922 2.000 254.000 8.500 -0.349
1.522 1.703 2.000 255.000 8.500 0.110
2.771 0.359 2.000 256.000 8.500 -0.756
2.572 0.441 2.000 257.000 8.500 -0.914
1.859 2.926 2.000 258.000 8.500 -0.530
1.424 2.891 2.000 259.000 8.500 -0.027
2.849 0.449 2.000 260.000 8.500 -0.152
2.802 0.484 2.000 261.000 8.500 -0.371
2.960 0.395 2.000 262.000 8.500 -0.089
2.894 0.457 2.000 263.000 8.500 -0.230
1.724 1.664 2.000 264.000 8.500 0.409
1.488 0.469 2.000 265.000 8.500 0.527
2.124 1.613 2.000 266.000 8.500 0.826
1.791 0.500 2.000 267.000 8.500 1.029
1.307 1.566 2.000 268.000 8.500 -0.378
2.643 0.340 2.000 269.000 8.500 -0.646
0.896 2.918 2.000 270.000 8.500 -0.272
2.613 0.281 2.000 271.000 8.500 -0.909
0.802 1.617 2.000 272.000 8.500 -0.074
1.875 0.316 2.000 273.000 8.500 -0.519
0.848 1.574 2.000 274.000 8.500 0.029
1.137 0.238 2.000 275.000 8.500 0.037
1.974 0.246 2.000 276.000 8.500 -0.319
1.832 0.504 2.000 277.000 8.500 -0.074
2.268 0.070 2.000 278.000 8.500 -0.706
1.593 0.508 2.000 279.000 8.500 -0.152
2.186 0.121 2.000 280.000 8.500 -0.801
1.418 0.418 2.000 281.000 8.500 -0.272
1.442 0.164 2.000 282.000 8.500 -0.343
2.186 0.492 2.000 283.000 8.500 -0.098
1.994 0.504 2.000 284.000 8.500 -0.214
1.836 0.422 2.000 285.000 8.500 -0.417
1.731 0.227 2.000 286.000 8.500 -0.117
1.262 1.430 2.000 287.000 8.500 0.213
0.888 0.410 2.000 288.000 8.500 0.155
1.313 0.402 2.000 289.000 8.500 0.605
1.693 0.473 2.000 290.000 8.500 -0.610
1.021 1.336 2.000 291.000 8.500 -0.149
1.293 0.422 2.000 292.000 8.500 -0.500
0.954 0.891 2.000 293.000 8.500 0.227
1.024 1.719 2.000 294.000 8.500 -0.156
1.246 1.633 2.000 295.000 8.500 0.087
2.185 0.461 2.000 296.000 8.500 -0.787
1.699 0.410 2.000 297.000 8.500 -0.658
1.244 0.000 2.000 298.000 8.500 -0.306
1.237 2.023 2.000 299.000 8.500 -0.228
1.681 0.000 2.000 300.000 8.500 -0.598
1.499 1.680 2.000 301.000 8.500 0.145
1.527 0.023 2.000 302.000 8.500 -0.531
2.496 0.469 2.000 303.000 8.500 -0.106
2.374 0.500 2.000 304.000 8.500 -0.247
2.268 0.379 2.000 305.000 8.500 -0.516
2.924 0.348 2.000 306.000 8.500 -0.065
2.901 0.414 2.000 307.000 8.500 -0.187
2.873 0.457 2.000 308.000 8.500 -0.478
2.904 0.328 2.000 309.000 8.500 -0.897
2.251 0.570 2.000 310.000 8.500 1.295
0.592 0.520 2.000 311.000 8.500 -0.070
2.409 0.414 2.000 312.000 8.500 -0.780
1.521 0.340 2.000 313.000 8.500 -0.222
1.614 0.590 2.000 314.000 8.500 0.300
1.966 0.664 2.000 315.000 8.500 0.787
2.828 0.355 2.000 316.000 8.500 -0.927
1.172 1.508 2.000 317.000 8.500 -0.039
2.188 0.398 2.000 318.000 8.500 -0.660
0.845 1.504 2.000 319.000 8.500 -0.071
1.354 0.305 2.000 320.000 8.500 -0.089
0.814 0.539 2.000 321.000 8.500 -0.086
1.571 0.523 2.000 322.000 8.500 0.422
1.377 0.504 2.000 323.000 8.500 -0.053
2.675 0.340 2.000 324.000 8.500 -0.079
1.210 0.516 2.000 325.000 8.500 -0.103
2.728 0.402 2.000 326.000 8.500 -0.225
1.069 0.426 2.000 327.000 8.500 -0.172
2.835 0.430 2.000 328.000 8.500 -0.561
2.284 0.309 2.000 329.000 8.500 -0.097
2.444 0.355 2.000 330.000 8.500 -0.271
1.875 0.641 2.000 331.000 8.500 0.921
2.250 0.730 2.000 332.000 8.500 1.414
0.907 0.527 2.000 333.000 8.500 -0.181
1.521 1.676 2.000 334.000 8.500 0.237
0.743 2.883 2.000 335.000 8.500 -0.099
1.900 1.633 2.000 336.000 8.500 0.677
0.615 2.809 2.000 337.000 8.500 -0.040
2.274 1.422 2.000 338.000 8.500 1.134
2.857 0.473 2.000 339.000 8.500 -0.548
2.847 0.406 2.000 340.000 8.500 -0.924
2.333 0.418 2.000 341.000 8.500 -0.763
1.677 2.887 2.000 342.000 8.500 -0.245
2.868 0.465 2.000 343.000 8.500 -0.314
2.895 0.453 2.000 344.000 8.500 -0.708
2.773 0.426 2.000 345.000 8.500 -0.948
2.011 0.395 2.000 346.000 8.500 -0.556
2.931 0.406 2.000 347.000 8.500 -0.121
2.971 0.344 2.000 348.000 8.500 -0.053
1.434 2.859 2.000 349.000 8.500 -0.017
1.683 1.656 2.000 350.000 8.500 0.452
2.045 1.617 2.000 351.000 8.500 0.917
2.356 1.484 2.000 352.000 8.500 1.376
1.742 0.367 2.000 353.000 8.500 -0.373
1.644 0.621 2.000 354.000 8.500 0.159
1.891 0.668 2.000 355.000 8.500 0.632
2.123 0.711 2.000 356.000 8.500 1.126
6.605 0.535 2.000 357.000 9.000 -2.061
6.709 0.559 2.000 363.000 9.000 -1.927
6.148 0.551 2.000 364.000 9.000 -1.884
6.613 0.570 2.000 379.000 9.000 -2.088
6.699 0.445 2.000 381.000 9.000 -1.938
6.074 0.559 2.000 382.000 9.000 -1.787
4.973 0.535 2.000 395.000 9.000 -1.103
6.002 0.598 2.000 396.000 9.000 -1.312
6.161 0.555 2.000 398.000 9.000 -1.810
6.412 0.582 2.000 402.000 9.000 -1.765
6.016 0.531 2.000 403.000 9.000 -1.896
6.531 0.555 2.000 405.000 9.000 -2.029
6.649 0.578 2.000 422.000 9.000 -1.985
5.881 0.531 2.000 423.000 9.000 -1.791
6.440 0.578 2.000 425.000 9.000 -1.636
6.385 0.551 2.000 426.000 9.000 -1.944
5.379 0.602 2.000 436.000 9.000 -1.033
5.717 0.605 2.000 442.000 9.000 -0.997
6.612 0.566 2.000 443.000 9.000 -1.847
6.033 0.574 2.000 444.000 9.000 -1.559
6.062 0.555 2.000 445.000 9.000 -1.758
6.712 0.457 2.000 448.000 9.000 -2.032
5.607 0.551 2.000 449.000 9.000 -1.483
5.484 0.547 2.000 462.000 9.000 -1.426
6.741 0.500 2.000 466.000 9.000 -2.085
6.226 0.582 2.000 467.000 9.000 -1.412
4.060 0.320 2.000 595.000 8.686 -0.104
5.231 0.344 2.000 596.000 8.686 -0.114
3.542 0.309 2.000 597.000 8.686 -0.098
5.867 0.352 2.000 598.000 8.686 -0.118
3.384 0.305 2.000 599.000 8.686 -0.096
6.464 0.352 2.000 600.000 8.686 -0.117
5.974 0.395 2.000 601.000 8.686 -0.119
7.372 0.414 2.000 602.000 8.686 -0.123
5.384 0.387 2.000 603.000 8.686 -0.116
8.232 0.426 2.000 604.000 8.686 -0.121
5.085 0.383 2.000 605.000 8.686 -0.113
8.386 0.434 2.000 606.000 8.686 -0.120
7.424 0.422 2.000 607.000 8.686 -0.122
8.107 0.438 2.000 608.000 8.686 -0.114
7.053 0.414 2.000 609.000 8.686 -0.121
7.867 0.445 2.000 610.000 8.686 -0.109
6.886 0.410 2.000 611.000 8.686 -0.122
7.582 0.449 2.000 612.000 8.686 -0.106
7.784 0.441 2.000 613.000 8.686 -0.105
6.988 0.449 2.000 614.000 8.686 -0.091
7.491 0.438 2.000 615.000 8.686 -0.110
6.168 0.449 2.000 616.000 8.686 -0.085
7.390 0.434 2.000 617.000 8.686 -0.109
5.829 0.449 2.000 618.000 8.686 -0.083
6.480 0.449 2.000 619.000 8.686 -0.088
4.613 0.445 2.000 620.000 8.686 -0.072
7.148 0.445 2.000 621.000 8.686 -0.096
4.661 1.520 2.000 622.000 8.686 -0.066
7.020 0.445 2.000 623.000 8.686 -0.103
4.621 1.520 2.000 624.000 8.686 -0.063
4.735 1.520 2.000 625.000 8.686 -0.051
4.323 1.508 2.000 626.000 8.686 -0.042
5.903 0.445 2.000 627.000 8.686 -0.054
3.853 1.504 2.000 628.000 8.686 -0.039
6.707 0.441 2.000 629.000 8.686 -0.054
3.653 1.504 2.000 630.000 8.686 -0.039
4.199 1.500 2.000 631.000 8.686 -0.043
3.219 1.492 2.000 632.000 8.686 -0.037
4.513 1.508 2.000 633.000 8.686 -0.048
2.762 1.488 2.000 634.000 8.686 -0.036
4.567 1.516 2.000 635.000 8.686 -0.052
2.618 1.488 2.000 636.000 8.686 -0.036
6.755 0.414 2.000 637.000 8.769 -0.141
8.253 0.438 2.000 638.000 8.769 -0.143
5.976 0.406 2.000 639.000 8.769 -0.135
8.596 0.445 2.000 640.000 8.769 -0.140
5.680 0.402 2.000 641.000 8.769 -0.133
8.443 0.449 2.000 642.000 8.769 -0.137
5.556 0.402 2.000 643.000 8.769 -0.132
8.291 0.449 2.000 644.000 8.769 -0.135
7.757 0.438 2.000 645.000 8.769 -0.142
8.201 0.453 2.000 646.000 8.769 -0.134
7.150 0.426 2.000 647.000 8.769 -0.141
7.699 0.457 2.000 648.000 8.769 -0.126
6.809 0.426 2.000 649.000 8.769 -0.140
7.330 0.453 2.000 650.000 8.769 -0.123
6.657 0.422 2.000 651.000 8.769 -0.138
7.155 0.453 2.000 652.000 8.769 -0.121
8.282 0.449 2.000 653.000 8.769 -0.135
7.346 0.453 2.000 654.000 8.769 -0.116
8.136 0.441 2.000 655.000 8.769 -0.141
6.456 0.453 2.000 656.000 8.769 -0.106
8.008 0.438 2.000 657.000 8.769 -0.142
6.081 0.449 2.000 658.000 8.769 -0.101
7.921 0.438 2.000 659.000 8.769 -0.144
5.945 0.449 2.000 660.000 8.769 -0.099
7.707 0.453 2.000 661.000 8.769 -0.109
5.833 0.449 2.000 662.000 8.769 -0.090
8.079 0.449 2.000 663.000 8.769 -0.119
4.972 0.441 2.000 664.000 8.769 -0.081
8.076 0.449 2.000 665.000 8.769 -0.121
4.718 0.441 2.000 666.000 8.769 -0.079
8.115 0.449 2.000 667.000 8.769 -0.120
4.613 0.438 2.000 668.000 8.769 -0.078
5.759 0.453 2.000 669.000 8.769 -0.095
4.458 1.523 2.000 670.000 8.769 -0.077
6.849 0.457 2.000 671.000 8.769 -0.107
4.082 1.520 2.000 672.000 8.769 -0.071
7.059 0.453 2.000 673.000 8.769 -0.115
3.888 1.520 2.000 674.000 8.769 -0.070
6.950 0.457 2.000 675.000 8.769 -0.120
3.795 1.520 2.000 676.000 8.769 -0.069
9.827 0.441 2.000 677.000 8.887 -0.211
11.961 0.461 2.000 678.000 8.887 -0.215
8.748 0.434 2.000 679.000 8.887 -0.203
12.472 0.469 2.000 680.000 8.887 -0.209
8.310 0.430 2.000 681.000 8.887 -0.199
12.281 0.473 2.000 682.000 8.887 -0.205
8.170 0.430 2.000 683.000 8.887 -0.197
12.070 0.473 2.000 684.000 8.887 -0.202
11.292 0.461 2.000 685.000 8.887 -0.213
11.937 0.473 2.000 686.000 8.887 -0.201
10.410 0.453 2.000 687.000 8.887 -0.212
11.250 0.477 2.000 688.000 8.887 -0.189
9.935 0.449 2.000 689.000 8.887 -0.210
10.728 0.480 2.000 690.000 8.887 -0.184
9.707 0.449 2.000 691.000 8.887 -0.207
10.480 0.477 2.000 692.000 8.887 -0.182
12.029 0.473 2.000 693.000 8.887 -0.203
10.739 0.477 2.000 694.000 8.887 -0.174
11.761 0.465 2.000 695.000 8.887 -0.211
9.478 0.477 2.000 696.000 8.887 -0.158
11.620 0.465 2.000 697.000 8.887 -0.213
8.982 0.477 2.000 698.000 8.887 -0.152
11.471 0.461 2.000 699.000 8.887 -0.215
8.732 0.477 2.000 700.000 8.887 -0.149
11.252 0.477 2.000 701.000 8.887 -0.164
8.604 0.477 2.000 702.000 8.887 -0.134
11.746 0.473 2.000 703.000 8.887 -0.178
7.339 0.469 2.000 704.000 8.887 -0.122
11.724 0.473 2.000 705.000 8.887 -0.181
6.986 0.469 2.000 706.000 8.887 -0.118
11.785 0.473 2.000 707.000 8.887 -0.180
6.800 0.465 2.000 708.000 8.887 -0.117
8.474 0.477 2.000 709.000 8.887 -0.143
5.892 1.535 2.000 710.000 8.887 -0.115
10.073 0.477 2.000 711.000 8.887 -0.161
5.473 1.535 2.000 712.000 8.887 -0.107
10.381 0.477 2.000 713.000 8.887 -0.172
5.261 1.535 2.000 714.000 8.887 -0.105
10.194 0.477 2.000 715.000 8.887 -0.180
5.180 1.531 2.000 716.000 8.887 -0.104
11.526 0.465 2.000 717.000 8.951 -0.239
11.962 0.480 2.000 718.000 8.951 -0.222
10.546 0.461 2.000 719.000 8.951 -0.236
11.119 0.480 2.000 720.000 8.951 -0.206
10.089 0.457 2.000 721.000 8.951 -0.233
10.582 0.480 2.000 722.000 8.951 -0.198
9.870 0.457 2.000 723.000 8.951 -0.231
10.340 0.480 2.000 724.000 8.951 -0.194
9.760 0.453 2.000 725.000 8.951 -0.230
10.195 0.480 2.000 726.000 8.951 -0.192
12.072 0.473 2.000 727.000 8.951 -0.229
10.925 0.480 2.000 728.000 8.951 -0.198
11.657 0.469 2.000 729.000 8.951 -0.235
9.573 0.477 2.000 730.000 8.951 -0.181
11.222 0.465 2.000 731.000 8.951 -0.234
9.106 0.477 2.000 732.000 8.951 -0.175
11.005 0.465 2.000 733.000 8.951 -0.233
8.883 0.477 2.000 734.000 8.951 -0.172
10.859 0.465 2.000 735.000 8.951 -0.231
8.766 0.477 2.000 736.000 8.951 -0.171
11.976 0.477 2.000 737.000 8.951 -0.214
9.439 0.477 2.000 738.000 8.951 -0.176
12.415 0.477 2.000 739.000 8.951 -0.231
8.128 0.473 2.000 740.000 8.951 -0.160
12.377 0.473 2.000 741.000 8.951 -0.236
7.704 0.469 2.000 742.000 8.951 -0.156
12.300 0.473 2.000 743.000 8.951 -0.238
7.549 0.469 2.000 744.000 8.951 -0.154
12.215 0.473 2.000 745.000 8.951 -0.241
7.451 0.469 2.000 746.000 8.951 -0.153
12.232 0.477 2.000 747.000 9.004 -0.257
11.112 0.480 2.000 748.000 9.004 -0.224
11.592 0.469 2.000 749.000 9.004 -0.262
9.765 0.480 2.000 750.000 9.004 -0.205
11.161 0.469 2.000 751.000 9.004 -0.260
9.290 0.477 2.000 752.000 9.004 -0.199
10.916 0.465 2.000 753.000 9.004 -0.258
9.091 0.477 2.000 754.000 9.004 -0.196
10.822 0.465 2.000 755.000 9.004 -0.258
8.985 0.477 2.000 756.000 9.004 -0.195
10.779 0.465 2.000 757.000 9.004 -0.257
8.915 0.477 2.000 758.000 9.004 -0.194
15.825 0.488 2.000 759.000 9.087 -0.342
14.407 0.492 2.000 760.000 9.087 -0.299
15.012 0.484 2.000 761.000 9.087 -0.349
12.725 0.492 2.000 762.000 9.087 -0.273
14.445 0.480 2.000 763.000 9.087 -0.346
12.050 0.492 2.000 764.000 9.087 -0.265
14.185 0.480 2.000 765.000 9.087 -0.344
11.826 0.488 2.000 766.000 9.087 -0.262
14.052 0.480 2.000 767.000 9.087 -0.344
11.709 0.488 2.000 768.000 9.087 -0.260
13.980 0.480 2.000 769.000 9.087 -0.343
11.635 0.488 2.000 770.000 9.087 -0.259
