168
121
678
704
269
130
316
201
120
426
280
717
160
338
276
351
274
597
155
240
206
764
343
297
766
238
272
248
287
309
144
222
671
141
740
681
760
403
436
613
649
259
216
683
146
327
288
644
307
262
729
187
234
627
702
215
354
135
610
244
325
285
724
621
364
204
237
250
165
286
281
648
661
268
712
227
304
676
220
686
322
398
352
247
291
748
321
255
156
620
188
705
444
302
672
749
129
125
722
119
300
230
721
213
137
443
726
277
770
284
182
600
725
170
349
602
132
745
687
629
334
612
667
202
126
329
741
599
315
449
296
405
660
737
140
680
332
347
164
226
622
219
643
217
252
163
659
162
692
172
295
462
703
317
266
743
178
311
630
246
647
177
314
326
422
396
299
615
261
604
716
700
271
241
308
318
209
731
657
402
719
653
651
640
381
670
753
637
267
122
265
278
282
200
638
324
176
289
239
466
184
128
331
601
609
341
197
189
303
224
652
328
732
628
723
669
249
190
148
256
186
624
139
151
319
759
718
767
193
738
674
689
754
235
755
290
467
312
195
707
665
625
283
733
298
353
606
633
701
654
348
320
191
173
607
145
228
728
175
694
619
196
337
605
448
382
203
232
231
379
742
747
684
761
147
292
709
442
257
212
174
626
254
251
336
608
258
616
169
656
720
664
218
245
229
305
355
736
199
750
699
662
158
346
233
270
710
623
611
350
635
221
675
214
715
225
634
618
153
655
342
650
134
595
730
180
310
138
632
340
617
751
690
273
279
713
293
313
746
677
