9.283187449909746647e-03
2.738319602212868631e-02
2.569871998275630176e-02
1.441798222367651761e-02
3.829367703292518854e-02
2.680425011203624308e-02
-2.436297477106563747e-02
-3.428336145589128137e-03
2.415421919431537390e-02
2.846719796070829034e-02
2.681884911726228893e-02
-2.193885360611602664e-03
3.722796391230076551e-03
2.144614275312051177e-02
-7.405693962937220931e-03
4.750764390337280929e-02
3.523766616126522422e-03
1.388605707325041294e-02
3.195159713504835963e-02
2.651076481561176479e-02
1.609614319750107825e-02
2.286917256424203515e-02
2.547284049796871841e-02
6.692035036394372582e-03
2.881794198765419424e-02
-1.028929941821843386e-02
2.194933767896145582e-02
-1.935251959366723895e-03
-2.957972435979172587e-03
1.492965902434661984e-02
3.762659250060096383e-02
3.163945197593420744e-02
-3.701694746268913150e-03
2.443019472411833704e-02
9.588245331542566419e-03
2.205441013211384416e-02
4.860536800697445869e-02
5.218661430990323424e-02
-1.830002234783023596e-03
1.784217747626826167e-02
2.550623423303477466e-02
1.164809014881029725e-02
1.494585949694737792e-02
2.136201786925084889e-02
1.656524161808192730e-02
-1.124664471717551351e-02
8.466094732284545898e-03
5.073169336537830532e-02
7.698780391365289688e-04
4.915327468188479543e-02
1.532546465750783682e-02
8.559295587474480271e-03
2.703646349254995584e-02
1.714137653470970690e-02
-1.591771369567140937e-02
3.065275616245344281e-02
3.904780294396914542e-02
5.523900734260678291e-03
1.329283896484412253e-02
7.418262568535283208e-03
1.499070029240101576e-03
8.544006862211972475e-02
2.710056066280230880e-02
8.764571073697879910e-03
7.599149656016379595e-03
9.272994357161223888e-03
3.183319195522926748e-02
3.887615038547664881e-02
7.642595766810700297e-03
5.104791669873520732e-02
5.119618639582768083e-03
6.410692702047526836e-03
3.004364177468232810e-02
3.020054625812917948e-02
1.406592794228345156e-02
6.331197801046073437e-03
-1.002746383892372251e-02
2.645311935339123011e-03
2.495494950562715530e-02
-1.994440972339361906e-03
2.962046329048462212e-02
1.938726575463078916e-02
3.153896797448396683e-02
2.955529373139142990e-02
5.167820828501135111e-02
8.339099003933370113e-04
2.835295730619691312e-02
-4.303152207285165787e-03
-2.380366961006075144e-03
3.444223717087879777e-02
7.881875062594190240e-03
4.475940833799540997e-02
2.345029162825085223e-02
1.926978104165755212e-02
2.432502055307850242e-02
3.106547173229046166e-02
-1.922133358311839402e-02
1.852419436909258366e-02
2.214693481801077724e-02
2.535795181756839156e-03
