1.581870619556866586e-01
1.783005137694999576e-01
1.947878272330854088e-01
1.831319139164406806e-01
1.850624516955576837e-01
1.956166054296772927e-01
1.729958761134184897e-01
1.696975798404309899e-01
1.942378469102550298e-01
1.931836120493244380e-01
1.991121468308847398e-01
1.836353681574109942e-01
1.792454658134374768e-01
2.124213736096862704e-01
2.299158770474605262e-01
1.667032562836539000e-01
1.891020210459828377e-01
1.885969025315716863e-01
1.855556378141045570e-01
1.825703120557591319e-01
1.896980323654133826e-01
1.547797816456295550e-01
1.760768421809189022e-01
1.587400321732275188e-01
1.852323171333409846e-01
1.794596280087716877e-01
1.942269993596710265e-01
1.929029602324590087e-01
1.764008550671860576e-01
1.584068273077718914e-01
1.629316293692681938e-01
1.716490713588427752e-01
2.163933225674554706e-01
1.860933888237923384e-01
1.664643318799789995e-01
1.757324130157940090e-01
1.793410613317973912e-01
1.569608076824806631e-01
1.921535204455722123e-01
1.461188479443080723e-01
1.896770030143670738e-01
1.859832973859738559e-01
1.667800835566595197e-01
1.881913947872817516e-01
1.717627469915896654e-01
1.908674869337119162e-01
1.756404927873518318e-01
1.870225288439542055e-01
2.046050133649259806e-01
1.895486844587139785e-01
1.710434340930078179e-01
1.979833526420406997e-01
1.358801758906338364e-01
1.797238897124771029e-01
1.702741304179653525e-01
1.807678036275319755e-01
1.751122176065109670e-01
2.150909935880918056e-01
1.859086182084865868e-01
1.892656619893386960e-01
1.912134271115064621e-01
1.835249696741811931e-01
1.391843414457980543e-01
1.640236810198985040e-01
1.616086590220220387e-01
1.938040794630069286e-01
1.655940158234443516e-01
1.613587948377244174e-01
1.438317617285065353e-01
1.431527333334088326e-01
1.724717467441223562e-01
2.131600044376682490e-01
1.793373191612772644e-01
1.765471512917429209e-01
1.907477324712090194e-01
2.213541865057777613e-01
2.046559182344935834e-01
1.904585524171125144e-01
1.693483659182675183e-01
1.726379896863363683e-01
1.538015923288185149e-01
1.714313488628249615e-01
1.896113525144755840e-01
2.104779252549633384e-01
1.882881430210545659e-01
1.901796661841217428e-01
1.813459712720941752e-01
1.707216681970749050e-01
2.023795625718776137e-01
1.930141702760010958e-01
1.667122602229937911e-01
1.854733598302118480e-01
1.707518070761580020e-01
1.941310049733147025e-01
1.784850840340368450e-01
1.882111321610864252e-01
1.578290338802617043e-01
1.585900027130264789e-01
2.005043684912379831e-01
1.638477094238623977e-01
