6.627302578999660909e-02
6.085945398081094027e-02
1.007045447186101228e-01
8.274116474785842001e-02
7.069375624996609986e-02
9.576638997532427311e-02
6.738796419813297689e-02
8.825147006427869201e-02
7.400966144632548094e-02
8.753920040908269584e-02
7.038557011401280761e-02
9.904875900247134268e-02
9.931324829813092947e-02
9.774506007670424879e-02
8.737653080606833100e-02
4.956135994871146977e-02
7.667897589271888137e-02
7.897596171824261546e-02
7.918123042327351868e-02
7.297601064783520997e-02
8.308869713800959289e-02
8.685114060062915087e-02
7.885883428389206529e-02
9.312616911483928561e-02
8.166482832166366279e-02
8.510657260194420815e-02
7.995325865340419114e-02
1.007385882257949561e-01
6.115816862438805401e-02
8.291906322119757533e-02
8.939871285110712051e-02
6.682730073225684464e-02
8.309099994949065149e-02
1.005109855905175209e-01
1.052007021789904684e-01
9.768395923310890794e-02
9.330389386741444468e-02
7.062661234522238374e-02
6.227213368401862681e-02
5.505372429615817964e-02
6.653906550491228700e-02
9.951186637044884264e-02
8.191352896392345428e-02
8.024008071515709162e-02
7.864880285342223942e-02
7.096785749308764935e-02
5.214502263697795570e-02
6.707461448968388140e-02
9.377822399255819619e-02
8.991865650750696659e-02
9.216732718050479889e-02
8.400959931896068156e-02
9.633951823343522847e-02
8.175563934491947293e-02
7.117196315084584057e-02
6.272816762793809175e-02
5.077550216810777783e-02
1.048887304496020079e-01
8.835126916528679430e-02
8.569698609062470496e-02
7.839473342755809426e-02
1.121416500827763230e-01
5.857257766183465719e-02
5.034574953606352210e-02
7.481779286172240973e-02
8.793992668506689370e-02
5.897539108991622925e-02
5.763163228402845562e-02
7.505708234384655952e-02
9.397038823226466775e-02
8.983513747807592154e-02
8.490609729778952897e-02
1.118523725890554488e-01
8.771024548332206905e-02
5.380697376676835120e-02
6.652196298819035292e-02
7.347636143094860017e-02
7.716326383524574339e-02
1.094982030917890370e-01
7.049888913752511144e-02
6.461298154317773879e-02
8.046649320749565959e-02
7.041772987577132881e-02
1.163780280621722341e-01
9.402189266984350979e-02
5.797121574869379401e-02
1.055910172872245312e-01
6.192774124792777002e-02
7.794317411025986075e-02
7.449078888748772442e-02
8.520002628210932016e-02
8.291436693980358541e-02
8.698527887463569641e-02
8.928908867528662086e-02
8.237575326347723603e-02
5.796117530553601682e-02
4.957108432427048683e-02
7.838403669302351773e-02
9.711107582552358508e-02
6.247849186183884740e-02
