2.247826295206323266e-02
2.968117050477303565e-02
1.993984667933546007e-02
3.432324226014316082e-02
4.517174288048408926e-02
2.041404656483791769e-02
4.902975895674899220e-03
3.764269445673562586e-02
-1.310553171788342297e-02
5.820561069413088262e-02
3.903117286972701550e-02
-1.702011417364701629e-03
4.341364320134744048e-02
4.838620152440853417e-02
3.654599637957289815e-02
-5.555265786824747920e-03
1.631987403379753232e-02
2.387621082016266882e-02
5.317762534832581878e-02
2.436172773013822734e-02
4.921664079301990569e-02
3.963176993420347571e-02
2.792469557607546449e-02
2.675636007916182280e-02
5.296529270708560944e-02
-4.869525437243282795e-04
6.836228314205072820e-02
3.329122767900116742e-02
4.074859258253127337e-03
1.690465694991871715e-03
3.347759446478448808e-02
-1.486091906554065645e-02
7.687107281526550651e-03
1.745680146268568933e-02
1.125001595937646925e-02
-2.357196150114759803e-03
2.219026343664154410e-02
2.184247836703434587e-02
1.759875242714770138e-02
1.020587919629178941e-02
3.287270283908583224e-02
5.150257010245695710e-02
3.432232447084970772e-02
-5.084455857286229730e-03
4.786671223700977862e-02
5.289562142570503056e-02
2.340928124613128603e-02
1.996398321352899075e-02
-7.603575650136917830e-04
2.303707625833339989e-02
-3.287929575890302658e-03
3.477445544558577240e-02
2.586019932641647756e-02
1.129166400642134249e-02
2.781753832823596895e-02
5.509890054236166179e-02
4.742572768009267747e-02
3.928950708359479904e-02
7.491554418811574578e-02
1.295850949827581644e-02
3.675833478337153792e-02
4.474687963374890387e-02
2.270822221180424094e-02
7.488137693144381046e-03
4.432507624733261764e-02
2.943775945459492505e-02
4.185661979136057198e-02
1.871672016568481922e-02
4.873947589658200741e-02
4.387045153998769820e-02
3.291010105749592185e-02
6.888689298648387194e-03
1.029517996357753873e-02
3.436283263727091253e-02
5.731832387391477823e-02
4.463685641530901194e-02
5.142311175586655736e-02
-8.800687966868281364e-03
1.818140997784212232e-02
3.192860112176276743e-02
-7.102813804522156715e-03
1.284812000812962651e-02
3.502521646441891789e-02
6.781948381103575230e-03
4.064353276044130325e-02
3.262181003810837865e-02
2.020481033832766116e-02
4.654181541991420090e-02
3.251530541456304491e-02
3.946205854299478233e-02
2.078970859292894602e-02
4.428863842622376978e-02
2.541516508790664375e-02
3.598825554945506155e-02
9.513637749478220940e-03
6.817882950417697430e-02
3.840238059638068080e-02
4.445846879389137030e-02
3.150306385941803455e-02
4.439193761209025979e-02
