5.181926429271698220e-01
7.965501074790954483e+00
4.867028717994689835e+00
2.793395810127258461e+00
2.150395851135253888e+00
4.236335902214050542e+00
8.929439077377319123e+00
2.307350349426269709e+00
6.982436764240265159e-01
6.246784229278564027e+00
5.269251666069030726e+00
2.015988408327102466e+00
4.410049375891685330e-01
7.963081541061401758e+00
1.955275417566299412e+00
1.140697621703147924e+00
1.187330083847045969e+00
1.304981342554092372e+00
4.733210191726684890e+00
6.169754428863525320e+00
5.494573416709900293e+00
8.014355959892272452e+00
7.163879337310791406e+00
4.769535040855407360e+00
2.716409752368926789e+00
1.150410878658294722e+00
8.021569818258285078e-01
2.636897699832916331e+00
8.219549217224120241e+00
7.676530265808105824e-01
5.019990615844726278e+00
5.477246074676513921e+00
7.501588697433471786e+00
1.407906341552734419e+00
8.935971317291260263e+00
6.577346100807189622e+00
8.144356956481933807e+00
4.701238259673118369e-01
5.247976927757263432e+00
2.125390261411666870e+00
6.132736005783081090e+00
8.144856996536255167e+00
7.630880308151245295e+00
1.924460920095443672e+00
7.903965091705321910e+00
7.741782555580138947e+00
5.645580196380615590e+00
4.746527271270752024e+00
2.044323005676269567e+00
1.494958206415176294e+00
7.981721410751342560e+00
2.562453708648681605e+00
3.318101851940154834e+00
3.038551948070526088e+00
6.435897464752197372e+00
9.024024748802185192e-01
1.586972676515579161e+00
8.309186887741089045e-01
5.759331278800964071e+00
2.285415167808532821e+00
2.983099701404571480e+00
5.141627693176269887e+00
5.168817000389099192e+00
1.627898026704788226e+00
4.601543440818786301e+00
4.894071669578551997e+00
6.013241478800773754e-01
6.845333085060119949e+00
5.370865192413329936e+00
5.726786670684814062e+00
5.690804939270019958e+00
1.242322188615798906e+00
5.859148153662681047e-01
5.552466888427733949e+00
4.442718572616577433e+00
3.637778995037078911e+00
8.202859725952148295e+00
6.113891220092773082e+00
4.333453514575958287e+00
1.185666272640228280e+00
8.906081886291504546e+00
6.224742116928100977e+00
1.376106768846511841e+00
4.858082642555237030e+00
6.522670445442199316e+00
