7.403181600570678533e+00
1.222904325723648045e+00
2.144238266944885396e+00
8.842989635467529697e-01
4.716924495697021769e+00
7.593312978744506392e-01
7.539628500938415634e+00
4.350321235656738672e+00
2.112008719444274707e+00
4.116002833843230846e+00
8.015895648002624441e+00
9.458437842130661410e-01
9.588622748851776123e-01
7.140567326545715687e+00
7.686707919836044400e-01
1.747472406625747654e+00
1.465221475362777692e+00
7.600443768501281561e+00
4.333656084537506059e-01
1.372001476287841859e+00
5.019322533607482484e+00
7.002808508872985449e+00
2.207726988792419576e+00
7.923584990501403524e+00
2.556098637580871635e+00
8.797526836395264116e-01
5.125417070388794016e+00
7.490352435111999441e+00
8.808879661560058416e-01
2.131854408979415805e+00
5.606786780357360556e+00
1.216244348287582433e+00
8.011052985191344789e+00
7.405125422477722097e+00
4.827857203483581827e+00
2.055491940975189280e+00
5.353991804122924414e+00
5.319436745643615794e+00
3.763809832930564703e-01
1.209938637614250245e+00
1.320346103906631541e+00
8.359152836799621511e+00
3.707975456714629914e+00
2.127200897932052470e+00
5.681446862220764338e+00
2.769093909263610875e+00
5.195779795646667587e+00
4.961351547241211080e+00
7.455927848815917969e+00
1.150342184305191084e+00
8.075446381568909260e+00
1.831995775699615470e+00
2.636911957263946338e+00
1.057635918259620667e+00
1.213937973976135343e+00
4.550686383247375844e+00
1.268490542173385638e+00
4.300713696479797399e+00
1.156355361938476545e+00
3.024319713115692032e+00
7.013898879289627297e-01
5.885431065559386887e+00
8.990367180109024581e-01
7.116341266632080220e+00
6.294166898727416859e-01
2.388501708507537735e+00
5.990180063247680486e+00
7.289561853408813796e+00
1.685493887662887547e+00
2.223750820159912323e+00
8.144001502990722230e+00
1.035207642316818166e+00
1.155017786026000914e+00
3.429702193737030225e+00
2.709412374496459996e+00
5.591711907386780034e+00
1.213226737976074165e+00
1.706313049793243497e+00
2.033398097753524869e+00
4.878056764602661133e+00
4.598075618743896698e+00
2.044845327138900881e+00
5.127906408309936381e+00
2.722464466094970614e+00
6.374085469245910573e+00
