1.562435052765067667e-01
1.824038846825715154e-01
2.168401202361565083e-01
1.873552675533574075e-01
1.584500413446221501e-01
2.050896119326353073e-01
1.569129226554650813e-01
1.648892590310424566e-01
1.641529394837561995e-01
2.029943265661131591e-01
1.688410110364202410e-01
1.723934647161513567e-01
1.993812983855605125e-01
1.842755256511736661e-01
1.621614593605045229e-01
1.943963541125413030e-01
1.795770690659992397e-01
1.842200955434236676e-01
1.926572554220911115e-01
1.939811917836777866e-01
1.969493825745303184e-01
1.738796434365212917e-01
2.055106109473854303e-01
1.625686420593410730e-01
1.742303242790512741e-01
1.893373283091932535e-01
1.631657507095951587e-01
1.754861532244831324e-01
1.831973601656500250e-01
1.805414330156054348e-01
1.780663141107652336e-01
1.829915763810276985e-01
1.782859806262422353e-01
1.785180663864593953e-01
1.931940591020975262e-01
1.728750664915423840e-01
2.055189450038596988e-01
1.734233235765714198e-01
1.831894149072468281e-01
2.028983769123442471e-01
1.953018596104811877e-01
1.787495344469789416e-01
1.794516664813272655e-01
2.138973210821859539e-01
1.918712102924473584e-01
1.891529071144759655e-01
1.723297761054709554e-01
1.843720139295328408e-01
1.518786966043990105e-01
1.654311060556210577e-01
1.833688147889915854e-01
1.975107176403980702e-01
1.593605021771509200e-01
1.786885221663396806e-01
2.043472773511894047e-01
2.037401811976451427e-01
2.018720939231570810e-01
1.818150114559102803e-01
1.672540425788611174e-01
1.605317335342988372e-01
1.823333878128323704e-01
1.683757406135555357e-01
1.761654914589598775e-01
1.871822304674424231e-01
1.810374337073881179e-01
1.801952407986391336e-01
1.949124526581726968e-01
1.586650412646122277e-01
1.974386000656522810e-01
1.923564823518972844e-01
1.765086563245858997e-01
1.913004374655429274e-01
1.690088741597719491e-01
1.838113273261114955e-01
1.794872993486933410e-01
1.568842198175843805e-01
2.008742391190025955e-01
1.866364684246946126e-01
1.893794587231241167e-01
1.816470794146880507e-01
2.032604795822408050e-01
1.794971467170398682e-01
2.042332777346018702e-01
1.835429203929379582e-01
1.682214326283428818e-01
1.895461944804992527e-01
1.840867803839500993e-01
1.918087639787700027e-01
1.891116329352371395e-01
1.667992065194994211e-01
1.502307638293132186e-01
1.622412822907790542e-01
1.671487667481414974e-01
1.625869670824613422e-01
1.836033641302492470e-01
1.814726876909844577e-01
1.803189908969216049e-01
1.812861972430255264e-01
1.667686895234510303e-01
1.832378046237863600e-01
