-8.229696686612442136e-03
2.435256566968746483e-02
2.371951763052493334e-03
4.423940699780359864e-03
3.275674578617326915e-02
1.351911155506968498e-02
-2.466216907487250865e-02
7.972461462486535311e-04
3.504870837787166238e-03
1.834739957121200860e-02
1.421113265678286552e-03
-1.414131661294959486e-02
-4.397199751110747457e-03
-6.146657833596691489e-03
-2.174431824823841453e-02
2.676422931835986674e-02
-9.968079626560211182e-03
-7.984133902937173843e-03
7.450526230968534946e-03
1.909752900246530771e-03
-1.984206523047760129e-03
9.862650826107710600e-03
6.195909460075199604e-03
-5.849339475389569998e-03
9.254414238967001438e-03
-2.349073934601619840e-02
2.054875929025001824e-02
-1.315624915878288448e-02
-3.248550230637192726e-03
-4.673435527365654707e-03
2.418261364800855517e-02
7.492798438761383295e-03
-1.312588166911154985e-02
4.747092461911961436e-03
6.598543259315192699e-03
6.017721636453643441e-03
2.127172693144530058e-02
2.355536984396167099e-02
-1.227822731016203761e-02
1.619288817164488137e-02
1.407093837042339146e-02
2.948785288026556373e-03
1.802551111904904246e-02
-1.561796758323907852e-03
1.013161524315364659e-02
-1.454657723661512136e-02
-8.338119485415518284e-03
4.262864511110819876e-02
-1.592480059480294585e-02
2.090539719210937619e-02
-8.991797018097713590e-03
5.957545654382556677e-03
2.734303125180304050e-03
1.684999908320605755e-03
-1.130640759947709739e-02
4.502318333834409714e-03
2.059683448169380426e-02
-6.132945942226797342e-03
1.716526341624557972e-02
-1.104737832793034613e-02
-9.981278824852779508e-03
4.278284916654229164e-02
7.969458732986822724e-03
-5.865630315383896232e-03
-1.178943392005749047e-02
2.828011667588725686e-03
2.969968068646267056e-02
7.118220179108902812e-03
-1.081010201596654952e-02
3.034928272245451808e-02
-9.751621168106794357e-03
-8.629132120404392481e-03
1.327949098777025938e-02
6.025614333339035511e-03
-8.320700406329706311e-03
-6.395034521119669080e-03
-2.792284611496143043e-02
4.158815660048276186e-03
6.791584455640986562e-03
-1.875369963818229735e-02
9.783212881302461028e-03
8.508796629030257463e-03
1.387970152427442372e-02
1.537587420898489654e-02
3.259742318186908960e-02
-1.710584096144884825e-03
1.531258370960131288e-02
-1.859597230213694274e-02
-1.460878949728794396e-02
1.505791026283986866e-02
-6.027433322742581367e-03
2.398765267571434379e-02
2.949973655631765723e-03
1.159340026788413525e-03
1.026210919371806085e-02
1.438406412489712238e-02
-3.040876574232243001e-02
8.298564353026449680e-03
1.018164894776418805e-02
-1.046173975919373333e-02
