1.033004385855747387e+00
1.079667865356896073e+00
1.046573919651564211e+00
1.058163701469311491e+00
1.046374861180083826e+00
1.055000668595312163e+00
1.060138145374367014e+00
1.052248763240640983e+00
1.068922953360015526e+00
1.046384423010749742e+00
1.073493738425895572e+00
1.057597113569499925e+00
1.053777550667291507e+00
1.053063962754094973e+00
1.049067455722251907e+00
1.081787622388219461e+00
1.027946629677899182e+00
1.049499382614158094e+00
1.036629690905101597e+00
1.027715121686924249e+00
1.017183064628625289e+00
1.059674398798961192e+00
1.087433876411523670e+00
1.034697938885074109e+00
1.089536447369027883e+00
1.059026154165621847e+00
1.057135740324156359e+00
1.061697702709352598e+00
1.066678817936917767e+00
1.031552663189359009e+00
1.067179881647462025e+00
1.043834812589921057e+00
1.066068104992154986e+00
1.030604314379161224e+00
1.071820268436567858e+00
1.067224557016743347e+00
1.026244192704325542e+00
1.086715476267272606e+00
1.028869340196251869e+00
1.020696445455541834e+00
1.059649085742421448e+00
1.006300748675130308e+00
1.026581725222058594e+00
1.029499844473320991e+00
1.044429644971387461e+00
1.079737800522707403e+00
1.041538815334206447e+00
1.071188756875926629e+00
1.058016526483697817e+00
1.059720973891671747e+00
1.044681868661427870e+00
1.037844355218112469e+00
1.045548119000159204e+00
1.046393000317038968e+00
1.069560782634653151e+00
1.044662699889158830e+00
1.046299370267661288e+00
1.073873591900337487e+00
1.028187201678520069e+00
1.072875030746217817e+00
1.044695654622046277e+00
1.030938475916627795e+00
1.043360808311263099e+00
1.041304821235826239e+00
1.061548740981379524e+00
1.046259369701147079e+00
1.039966068172361702e+00
1.030229080788558349e+00
1.049572395480936393e+00
1.076825488911708817e+00
1.016229452623520046e+00
1.070930635556578636e+00
1.045317980897380039e+00
1.030845133238472044e+00
1.052990895055700094e+00
1.070198773377342150e+00
1.024860624922439456e+00
1.059700922167394310e+00
1.047075251262867823e+00
1.056264278158778325e+00
1.048497741197934374e+00
1.042880803113803267e+00
1.076393240393372253e+00
1.071197161334566772e+00
1.048355798469856381e+00
1.067676994134671986e+00
1.055980482255108654e+00
1.052802775113377720e+00
1.012125921872211620e+00
1.050780584715539590e+00
1.038309210329316556e+00
1.060397455905331299e+00
1.047792298340937123e+00
1.050311617873376235e+00
1.061745846673147753e+00
1.066139414469944313e+00
1.037815557152498513e+00
1.042571005033096299e+00
1.051667392166564241e+00
1.032557025901041925e+00
