2.424618904478847980e-02
4.889998264843598008e-03
7.628796040080487728e-03
1.697685255203396082e-02
-4.233734216541051865e-07
6.271993217524141073e-03
1.932010237942449749e-02
2.203074606950394809e-02
5.962420371361076832e-03
-1.756725655286572874e-02
4.551012616138905287e-02
1.738258349359966815e-02
3.695026342757046223e-02
1.908041274873539805e-03
-6.244701100513339043e-03
3.466551468591205776e-02
7.102172065060585737e-03
1.514757657423615456e-02
8.766408340306952596e-03
3.039013780653476715e-02
6.371130523621104658e-02
6.888857693411409855e-03
3.189977572765201330e-02
3.783727053087204695e-02
1.878160348860546947e-02
2.267850920907221735e-02
-1.100041414611041546e-02
1.921095536090433598e-02
1.036364899482578039e-02
1.071789706475101411e-02
3.733116391231305897e-02
4.114487834158353508e-02
3.096802436630241573e-02
-1.233343966305255890e-02
2.704801954678259790e-02
2.970822103088721633e-02
4.807212826563045382e-03
3.095246898010373116e-02
-7.198450330179184675e-04
1.050534893875010312e-02
1.815635588718578219e-02
6.152085377834737301e-03
2.103192717186175287e-02
3.494873258750885725e-02
1.324813385144807398e-02
4.637052223552018404e-02
9.239833336323499680e-03
2.667670638766139746e-02
6.021245819283649325e-03
2.055760918301530182e-02
3.561811527470126748e-02
4.492920570191927254e-02
1.965199332335032523e-02
6.082431675167754292e-03
-3.016767586814239621e-03
4.318216670071706176e-02
1.402520269039086998e-02
2.942770076333545148e-02
3.452600672608241439e-02
8.412882394623011351e-03
3.110456842114217579e-02
1.184695409028790891e-02
1.945888513000681996e-02
4.829922824865207076e-02
2.705215447349473834e-02
1.268930669175460935e-02
1.565439807018265128e-02
1.547758435481227934e-02
5.080336757237091660e-02
1.469845339306630194e-02
7.817931124009191990e-03
2.541432259022258222e-02
1.346869266126304865e-02
1.932522314018569887e-02
1.992706011515110731e-02
-6.967499502934515476e-03
4.737566167023032904e-03
2.180003304965794086e-02
3.689343392034061253e-02
-3.385984222404658794e-03
8.386705041630193591e-03
3.969503354164771736e-02
6.745596387190744281e-03
5.700758425518870354e-03
5.425367940915748477e-03
1.916603223071433604e-02
4.313057166291400790e-02
9.789649018784984946e-03
2.335339723504148424e-02
2.196454987279139459e-02
3.822882741224020720e-02
3.683598694624379277e-02
6.844803865533322096e-03
-3.382654540473595262e-03
3.191262565087527037e-02
3.808091487735509872e-02
4.761477408464998007e-03
1.691775833023712039e-03
2.681906003272160888e-02
2.772069498314522207e-02
