7.184739561635069549e-01
6.991512991371564567e-01
7.548920116096269339e-01
7.094608296465594321e-01
7.010559266782365739e-01
7.170741288282442838e-01
7.099192278401460499e-01
7.139527819526847452e-01
6.725071608670987189e-01
7.232531391782686114e-01
6.835003941378090531e-01
6.934594839112833142e-01
6.960469035548157990e-01
7.001917610468808562e-01
7.130286200263071805e-01
6.942650164128281176e-01
6.887428187474142760e-01
6.985803263960406184e-01
7.047083171491976827e-01
6.827856617455836385e-01
6.964112213463522494e-01
7.005734609265346080e-01
7.189864946994930506e-01
7.190358699299395084e-01
6.994207365787588060e-01
7.131756611051969230e-01
7.143237491836771369e-01
6.873962258978281170e-01
6.935682539478875697e-01
7.168859073717612773e-01
7.070888109155930579e-01
6.795814594079274684e-01
7.264670136210042983e-01
7.133943451917730272e-01
6.869183990056626499e-01
6.900893858692143112e-01
6.800361117930151522e-01
7.061952243675477803e-01
6.802141714142635465e-01
6.991764395497739315e-01
6.974747290660161525e-01
6.978043687704484910e-01
6.944829168496653438e-01
7.050662378314882517e-01
7.105604593234602362e-01
6.988482467131689191e-01
7.259837499877903610e-01
6.962899020873010159e-01
7.005948569858446717e-01
6.888018636964261532e-01
6.661952899012248963e-01
7.020465240930207074e-01
7.294132024107966572e-01
7.190786982537247241e-01
6.867104035045485944e-01
6.849367156100925058e-01
6.530113903572782874e-01
7.040634278382640332e-01
6.860256510844919831e-01
7.028436549589969218e-01
6.958378677372820675e-01
7.156712599680759013e-01
7.082659646694082767e-01
6.740805743029341102e-01
6.889054104976821691e-01
6.888103355013299733e-01
7.249543060897849500e-01
7.142978883348405361e-01
6.797342524514533579e-01
6.851822553726378828e-01
6.792279162909835577e-01
7.028266836423426867e-01
7.143350963306147605e-01
6.974765206687152386e-01
7.103798101306892931e-01
6.936899324064143002e-01
6.546503143617883325e-01
7.054390386329032481e-01
6.869970500119961798e-01
6.933270440204069018e-01
6.992081197968218476e-01
6.995620053785387427e-01
6.757045018021017313e-01
7.098599761375226080e-01
7.073290183325298131e-01
6.753099298221059144e-01
7.123262166569475085e-01
7.232499385718256235e-01
7.057566844450775534e-01
7.119565928587689996e-01
7.132994585263077170e-01
7.105649412551429123e-01
6.908594903652556241e-01
6.949369610520079732e-01
6.918762520945165306e-01
6.600601847458165139e-01
7.008493059256579727e-01
6.783606286917347461e-01
6.972668860689736903e-01
6.792419256526045501e-01
