4.830958569073118269e-02
8.269940735772252083e-02
5.561450193636119366e-02
6.292896418017335236e-02
9.679653923376463354e-02
7.924645935418084264e-02
3.156766731990501285e-02
6.432334377313964069e-02
6.765183477546088398e-02
8.247857820242643356e-02
7.052283347002230585e-02
4.082916642073541880e-02
5.016105264076031744e-02
5.692533866385929286e-02
4.098041425459086895e-02
9.139855889952741563e-02
4.809468935127370059e-02
5.206737775006331503e-02
7.071365095907822251e-02
7.234922627685591578e-02
6.100052996771410108e-02
7.116113172378391027e-02
6.601644228794611990e-02
6.557771921507082880e-02
7.374200940830633044e-02
2.535622380673885345e-02
8.860678112250752747e-02
4.001615109154954553e-02
5.094993463717401028e-02
5.901133932638913393e-02
8.662712248042225838e-02
6.939281147788278759e-02
4.440655439975671470e-02
7.064153577084653080e-02
6.610905475099571049e-02
6.640028292895294726e-02
7.898281884263269603e-02
8.920835243770852685e-02
4.600430373102426529e-02
8.027019293513149023e-02
8.190625699353404343e-02
7.063838487374596298e-02
8.488439794746227562e-02
6.217172561446204782e-02
7.267566863447427750e-02
4.430344933643937111e-02
5.366374939330853522e-02
1.104093769972678274e-01
4.797640908509492874e-02
8.747291920008137822e-02
5.014115211088210344e-02
6.645434949314221740e-02
6.527860165806487203e-02
5.794432538095861673e-02
4.134949858416803181e-02
7.233952515525743365e-02
8.716367330634966493e-02
5.695029222988523543e-02
7.726997294230386615e-02
5.028608083375729620e-02
4.419613556819967926e-02
1.018062941730022430e-01
7.253040818613953888e-02
5.230810036300681531e-02
5.700674778199754655e-02
6.271833452046848834e-02
8.899963521980680525e-02
6.621322280261665583e-02
4.594462248496711254e-02
1.051730913750361651e-01
5.026325496146455407e-02
4.471105159609578550e-02
6.641377590131014585e-02
6.554145825793966651e-02
5.136871463037095964e-02
4.887313328799791634e-02
3.093339924816973507e-02
6.105865276185795665e-02
6.645850138738751411e-02
3.757703630253672600e-02
8.161087767803110182e-02
7.452240309794433415e-02
8.371282523148693144e-02
7.661382009973749518e-02
9.552407043520361185e-02
5.133689491776749492e-02
8.481677420786581933e-02
3.371868442627601326e-02
4.048517200862988830e-02
8.877325465437024832e-02
6.140477422741241753e-02
8.476491642068140209e-02
7.003740852815099061e-02
5.919725555577315390e-02
7.207662751898169518e-02
8.538847597083076835e-02
2.456107514444738626e-02
6.975740811321884394e-02
7.062498942832462490e-02
5.320850468706339598e-02
