1.613070152234286070e-02
-9.777676255907863379e-03
5.985044554108753800e-03
-2.730998385231941938e-04
-1.912372422521002591e-02
-2.029961338848806918e-02
-1.472183736041188240e-02
4.453877918422222137e-04
-3.490284050349146128e-02
-4.072471562540158629e-02
1.059763375087641180e-02
4.128352622501552105e-03
1.146918995073065162e-02
-2.305878698825836182e-02
-2.691243277513422072e-02
-1.326434907969087362e-02
-2.662852490902878344e-02
6.503913580672815442e-03
-1.325831361464224756e-02
-2.961302408948540688e-03
3.386834237608127296e-02
-3.589730008388869464e-02
2.829840991762466729e-02
2.009412655024789274e-02
5.436422419734299183e-03
3.861649514874443412e-03
-3.136268799426034093e-02
-1.156490872381255031e-02
-7.924494129838421941e-03
-2.690903507755137980e-02
1.883447956060990691e-03
3.687163264839909971e-02
7.329734158702194691e-03
-3.607764240587130189e-02
-4.161644668783992529e-03
-1.243896278901956975e-02
-1.151889210450462997e-02
-4.791622923221439123e-03
-7.506235881010070443e-03
-1.221609479398466647e-02
3.014181274920701981e-03
1.305054087424650788e-03
2.085019892547279596e-03
4.688053741119801998e-03
-8.082086802460253239e-03
2.674457425018772483e-02
-5.831798567669466138e-03
-3.813619725406169891e-03
-3.340238332748413086e-02
-8.760718337725847960e-03
-5.208937363931909204e-03
1.827304693870246410e-02
-1.131911887205205858e-02
-9.502880711806938052e-03
-1.575285615399479866e-02
1.057373624644242227e-02
-9.270910552004352212e-03
-8.828070102026686072e-03
5.926723242737352848e-03
-2.245505555765703321e-02
-2.437050308799371123e-03
-2.467656976659782231e-02
7.437550986651331186e-03
3.043514303863048553e-02
1.162648558965884149e-02
-1.491493411595001817e-02
-9.304932871600612998e-03
-4.408276843605563045e-03
2.215716984937898815e-02
-1.412771522882394493e-02
-2.433187954011373222e-02
1.440985783119685948e-02
-6.509549537440761924e-03
1.329927414190024137e-03
-1.398705760948359966e-02
-2.429950115038082004e-02
-1.538188342237845063e-03
6.076539371861144900e-03
2.140141613199375570e-02
-1.026197778992354870e-02
-2.549681728123687208e-02
1.378648827085271478e-03
-1.332908065523952246e-02
-2.495234517846256495e-02
-7.256529497681185603e-03
-1.861243028542958200e-02
3.630356397479772568e-02
-1.995037082815542817e-02
9.346353472210466862e-04
1.738773670513182878e-02
2.104505363968200982e-02
2.593924020766280591e-02
-1.049021625658497214e-02
-2.644278813386335969e-02
1.440371229546144605e-02
1.927877840353175998e-02
-2.333077261573635042e-02
-3.749905986478552222e-02
1.292886628652922809e-02
6.022026791470125318e-03
