3.332889691228047013e-02
6.576144605060108006e-02
2.595999126788228750e-02
5.122687187395058572e-02
6.997409448376856744e-02
6.433003727579489350e-02
4.338860779535025358e-02
3.840836460585705936e-02
5.869283061474561691e-02
3.664326391299255192e-02
5.434727406827732921e-02
4.217932917526923120e-02
4.236928303726017475e-02
4.291270574321970344e-02
2.861285608378238976e-02
7.110459948307834566e-02
3.822277474682778120e-02
4.156612404040060937e-02
6.753088964615017176e-02
7.103969377931207418e-02
4.966613283613696694e-02
4.981691946159116924e-02
5.798687823698855937e-02
5.190839589340612292e-02
5.665990107809193432e-02
3.927534754620864987e-02
5.498899525264278054e-02
4.563748813234269619e-02
3.113167913397774100e-02
5.202248677960596979e-02
7.039107030141167343e-02
7.457468379288911819e-02
4.926607315428555012e-02
4.181763262022286654e-02
2.758969683782197535e-02
5.671522102784365416e-02
5.785137272323481739e-02
5.067800148390233517e-02
3.211899547022767365e-02
5.339191688108257949e-02
6.445347875705920160e-02
4.424942925106734037e-02
4.637557498062960804e-02
5.441416823305189610e-02
7.467100399662740529e-02
2.270692412275820971e-02
4.805839425534941256e-02
6.701426545623689890e-02
3.286665692576207221e-02
6.741899304324761033e-02
1.337046685512177646e-02
5.427036987384781241e-02
7.929232562310062349e-02
3.783911871141754091e-02
3.163929024594835937e-02
7.250531634781509638e-02
6.851911486592143774e-02
6.652608475997112691e-02
5.375272859237156808e-02
4.269793230923824012e-02
4.573533072834834456e-02
7.409150042803958058e-02
4.895962844602763653e-02
6.093064925516955554e-02
9.748624928761273623e-03
7.324403157690539956e-02
5.480462577543221414e-02
4.131051604053936899e-02
5.133490721345879138e-02
6.873310278751887381e-02
2.175028758938424289e-02
3.849096896010451019e-02
4.438076689257286489e-02
3.174842783482745290e-02
1.778687143814750016e-02
3.976010976475663483e-02
3.261657612165436149e-02
5.472236158675514162e-02
5.453729777946136892e-02
3.142671156092546880e-02
4.712574344011954963e-02
5.112479263334535062e-02
4.603317196597345173e-02
5.101431664661504328e-02
7.517072572954930365e-02
5.198498335084877908e-02
4.387245606631040573e-02
2.658138112747110426e-02
2.820908869034610689e-02
7.489837714820168912e-02
7.699272345053032041e-02
6.171352797537110746e-02
5.199175907182507217e-02
4.396858319523744285e-02
7.362275087507441640e-02
6.375085879699327052e-02
2.881144257844425738e-02
3.431361241382546723e-02
5.901518743485212326e-02
5.654647856135852635e-02
