1.677057085034903139e-01
1.585832932905759662e-01
1.713656929205171764e-01
1.671345872746314853e-01
1.777433134848251939e-01
1.695254018122795969e-01
1.782586023618932813e-01
1.648447935294825584e-01
1.598195119586307555e-01
1.699292312550824136e-01
1.981916865915991366e-01
1.679896566492971033e-01
1.764256462629418820e-01
1.942041844013147056e-01
2.167485825775656849e-01
1.638306572858709842e-01
1.816414202912710607e-01
1.987253113766200840e-01
1.465756774414330721e-01
1.770022213459014893e-01
2.043068183411378413e-01
1.846419403736945242e-01
1.686716445838101208e-01
1.482033965003211051e-01
1.595005938143003732e-01
1.680182140844408423e-01
1.951996068528387696e-01
1.883589552307967097e-01
1.836553389148321003e-01
1.489386908069718629e-01
1.602617326425388455e-01
1.799816432467196137e-01
1.749567606893833727e-01
1.650844660471193492e-01
1.713632335304282606e-01
1.725919518503360450e-01
1.662994547805283219e-01
1.590541653858963400e-01
2.026375662535429001e-01
1.736983119335491210e-01
1.636603045626543462e-01
1.545234862132929265e-01
1.594966357224620879e-01
1.679123703215736896e-01
1.694010019418783486e-01
1.758027646574191749e-01
1.965240698191337287e-01
1.747451301489491016e-01
1.871641603065654635e-01
1.890200706839095801e-01
1.903308591572567821e-01
1.949819017609115690e-01
1.416795045952312648e-01
1.785921717237215489e-01
1.512411388976033777e-01
1.538535183353815228e-01
1.431037515867501497e-01
1.713492541748564690e-01
1.894564784888643771e-01
1.486397754633799195e-01
1.644656907010357827e-01
1.801316281198523939e-01
1.345706408028490841e-01
1.363807432062458247e-01
1.655562372179701924e-01
1.892931777692865580e-01
1.724538251291960478e-01
1.484234718373045325e-01
1.677036715846043080e-01
1.728521904442459345e-01
1.766737002471927553e-01
2.005512236792128533e-01
1.956627090112306178e-01
1.596089084923733026e-01
1.717475937912240624e-01
1.992995150794740766e-01
1.927445027104113251e-01
2.051565383735578507e-01
1.478688227944076061e-01
1.894692121713887900e-01
1.677216012612916529e-01
1.508401490864343941e-01
1.889665476046502590e-01
1.719473602715879679e-01
1.759563093073666096e-01
1.746817139792256057e-01
1.897235695505514741e-01
1.791642359748948365e-01
1.642129119427409023e-01
1.455614968144800514e-01
1.490547377034090459e-01
1.816504636371973902e-01
1.524081468814983964e-01
1.885491761204320937e-01
1.812091985775623471e-01
1.708014257892500609e-01
1.760895310726482421e-01
1.518685972550883889e-01
1.637445529631804675e-01
1.743296367349103093e-01
