5.260829794406890469e-01
8.855738252401351707e-01
7.987884354591369807e+00
5.709014577865600515e+00
2.221657080650329519e+00
1.148529967069625846e+00
2.786879677772521990e+00
1.093274447321891829e+00
8.616864418983459784e-01
5.596053962707519425e+00
2.290353810787201017e+00
7.755143342018127051e+00
9.507358825206756459e-01
2.244582929611206090e+00
1.477517054080963232e+00
2.387534670829773109e+00
2.191223504543304390e+00
3.837719583511352450e+00
6.811560368537903365e-01
3.202974185943603391e+00
6.123279595375060724e-01
7.567646384239196777e+00
2.796419787406921209e+00
2.214979531764984078e+00
7.639819674491882040e+00
2.390361914634704377e+00
2.007159433364868129e+00
2.454546833038329989e+00
2.318004672527313126e+00
2.895123567581176616e+00
1.012946609854698199e+00
1.446822397708892760e+00
5.200992064476013255e+00
1.093155958056449828e+00
5.679976935386657821e+00
6.453875269889831401e+00
8.318974676132201651e+00
5.108531274795532262e+00
4.235190896987915288e+00
5.036568379402160289e+00
5.389096622467040909e+00
1.980513192415237489e+00
4.894681870937347412e-01
6.438874621391295960e+00
9.227248585224151478e-01
1.694753189086914080e+00
2.013784658908844172e+00
6.098135228157043564e+00
2.150898737907409597e+00
2.773896930217742973e+00
7.950906324386596502e+00
5.725664535164832758e-01
1.319190480709075963e+00
4.673534817695617960e+00
5.957012009620666682e+00
1.184080604314803997e+00
1.841010665893554776e+00
1.143569437265396171e+00
5.339725852012634277e+00
2.464215064048767001e+00
2.041998208761215405e+00
2.546468877792358310e+00
7.113950862884521165e+00
4.789190669059752992e+00
5.418445320129394283e+00
6.319060349464415971e-01
9.633265501260757091e-01
1.942807779312133887e+00
1.136829336881637564e+00
1.158407304883003253e+00
2.051533852815627945e+00
5.401718382835388077e+00
5.019382619857788441e+00
1.831313704252242935e+00
5.116221256256103800e+00
1.450329815149307144e+00
2.706389060020446991e+00
3.988456912040710289e+00
1.134768049716949445e+00
7.965091915130614986e+00
1.600650341510772678e+00
4.638719806671142365e+00
2.218343567848205744e+00
2.402493889331817734e+00
2.321778106689452947e+00
