1.594669938785955310e-01
1.491359278443269432e-01
1.653868750145193189e-01
1.787194324424490333e-01
1.644945059961173683e-01
1.778788655356038362e-01
1.576406827662140131e-01
1.554025352816097438e-01
1.715797328506596386e-01
1.451961881830357015e-01
1.969921503623481840e-01
1.523338670667726547e-01
1.493326002964749932e-01
1.580503628065343946e-01
1.894887909584213048e-01
1.553968394873663783e-01
1.862906744936481118e-01
1.589661503967363387e-01
1.501796083175577223e-01
1.743993044656235725e-01
1.653871743183117360e-01
1.849955134093761444e-01
1.586129422066733241e-01
1.538747760641854256e-01
1.725570978596806526e-01
1.796187722065951675e-01
1.612419873999897391e-01
1.961216431518550962e-01
1.613488980510737747e-01
1.453633779601659626e-01
1.614630093972664326e-01
1.727316500328015536e-01
1.869958438328467309e-01
1.469401617941912264e-01
1.475911927409470081e-01
1.769454403838608414e-01
1.584199117205571383e-01
1.772576418588869274e-01
1.543101710267364979e-01
1.577185716305393726e-01
1.620019752299413085e-01
1.602799807442352176e-01
1.670803063025232404e-01
1.617180648609064519e-01
1.485024153080303222e-01
1.689374311827123165e-01
1.667282713169697672e-01
1.597143276885617524e-01
1.770684312214143574e-01
1.614094959804788232e-01
1.691347078594844788e-01
1.734862165467347950e-01
1.352993165492080152e-01
1.660621962801087648e-01
1.720300230954308063e-01
1.632839998928830028e-01
1.553355340438429266e-01
1.668650942447129637e-01
1.812969102757051587e-01
1.441657835966907442e-01
1.548780470329802483e-01
1.738766348280478269e-01
1.573776375444140285e-01
1.346442661015316844e-01
1.443288201116956770e-01
1.583980016002897173e-01
1.577500314451754093e-01
1.626926223107147962e-01
1.313635500264354050e-01
1.546575526590459049e-01
1.618595014442689717e-01
1.795839217957109213e-01
1.638579355785623193e-01
1.679133773723151535e-01
1.697153795976191759e-01
1.888916505849920213e-01
1.946361949085257947e-01
1.783686140261124820e-01
1.506253973057027906e-01
1.667315579543355852e-01
1.287122784124221653e-01
1.665199411800131202e-01
1.695939545170404017e-01
1.717873213929124177e-01
1.540012102632317692e-01
1.687424862466286868e-01
1.690585803298745304e-01
1.945225537056103349e-01
1.627045295317657292e-01
1.503496435470879078e-01
1.569128109840676188e-01
1.609969966521020979e-01
1.505776715930551291e-01
1.707044701906852424e-01
1.627972876303829253e-01
1.818036102922633290e-01
1.619201830762904137e-01
1.479189152014441788e-01
1.518785513180773705e-01
1.540337098413147032e-01
