8.574764273362234235e-03
1.261751880520023406e-02
4.583161164191551507e-02
1.916104016709141433e-02
5.957947403658181429e-03
1.181389845442026854e-02
-1.212431670865043998e-03
2.428756287554278970e-02
2.704362888471223414e-02
2.108446750207804143e-02
3.737209839164279401e-02
2.543043956393375993e-02
3.398303475114516914e-02
1.667283842107281089e-02
1.724782434757798910e-02
-4.193931643385440111e-03
2.261451107915490866e-02
2.574508098769001663e-02
1.609637629007920623e-02
3.107975120656192303e-03
4.506057914113625884e-03
3.389362536836415529e-02
2.266642643371596932e-02
4.466642552870325744e-02
3.448281291639432311e-02
3.959898871835321188e-02
2.781710441922768950e-02
3.175290438230149448e-02
1.018536934861913323e-02
1.065108919283375144e-02
1.407895283773541451e-02
1.212990135536529124e-02
2.659463838790543377e-02
3.368426163797266781e-02
3.041660282178781927e-02
4.049811366712674499e-02
2.070018611266277730e-02
1.064881123602390289e-02
-4.214737971778959036e-03
1.058119733352214098e-02
1.820933801354840398e-02
1.390809530857950449e-02
1.460573362419381738e-02
8.396846445975825191e-03
1.188097521662712097e-03
2.836989305797033012e-02
7.507181726396083832e-05
8.968006004579365253e-04
1.689883810468018055e-02
3.151524407439865172e-02
4.361325872014276683e-02
2.033225918421521783e-02
1.780684140976518393e-02
3.962514328304678202e-02
2.175451369839720428e-02
-1.962872600415721536e-03
-1.441446456010453403e-02
4.363038428709842265e-02
1.264907114091329277e-02
2.033356530591845512e-02
2.025678678182885051e-02
3.213514082017354667e-02
8.688324829563498497e-03
-2.749252086505293846e-02
1.720202455180697143e-02
2.119715508888475597e-02
-1.219767527072690427e-02
-5.385382624808698893e-03
1.752141368342563510e-02
3.453599329805001616e-02
1.093048532493412495e-02
3.288772961241193116e-02
5.424809301621280611e-02
4.213241487741470337e-02
-3.459293715422973037e-03
9.145037591224536300e-03
6.741902907378971577e-03
1.332833975902758539e-02
2.622648503165692091e-02
1.046453262097202241e-02
1.457188636413775384e-02
1.724922744324430823e-02
1.197423084522597492e-02
4.978955403203144670e-02
1.377937625511549413e-02
-1.554476711316965520e-02
1.213895319961011410e-02
1.522954212850891054e-02
-1.770851289620622993e-03
2.121450059348717332e-02
5.046397011028602719e-03
3.339747749851085246e-02
3.882709128083661199e-02
1.067405473440885544e-02
2.444208905217237771e-02
3.856783179799094796e-03
-1.245275183464400470e-02
1.821488019777461886e-02
1.607150406925939023e-02
2.272681865724734962e-02
