1.254836404696106911e-01
1.095289932854939252e-01
9.489228570600971580e-02
7.511576230172067881e-02
1.193995249050203711e-01
7.124669212498702109e-02
9.940346653456799686e-02
9.737216454232111573e-02
1.278305300802458078e-01
1.032198767643421888e-01
8.546856377506628633e-02
1.307143360318150371e-01
9.744066471466794610e-02
1.109748149174265563e-01
9.934595809318125248e-02
8.235671638976782560e-02
8.151389952399767935e-02
1.013727269601076841e-01
1.222249245620332658e-01
5.646504246396943927e-02
8.769388249493204057e-02
1.245166415756102651e-01
9.623491929960437119e-02
7.492506317794322968e-02
9.124415135011076927e-02
9.339894141885451972e-02
1.073141791566740721e-01
9.291015239432454109e-02
1.051158238551579416e-01
1.042328770563472062e-01
8.949424271122552454e-02
8.077210877672769129e-02
9.964764490723609924e-02
1.021728478372097015e-01
9.103309700731188059e-02
1.375490551581606269e-01
1.028033641050569713e-01
9.489559946814551950e-02
1.026315141643863171e-01
1.182569822703953832e-01
8.123717294074594975e-02
9.239791793515905738e-02
9.565621230285614729e-02
1.020917341520544142e-01
9.521350829163566232e-02
1.305247901182156056e-01
8.961358544183894992e-02
1.020689082797616720e-01
9.647342239622958004e-02
7.610719697549939156e-02
1.167518560541793704e-01
8.490226301364600658e-02
1.013607270142529160e-01
1.067880727932788432e-01
1.147303287871181965e-01
9.958877848112024367e-02
5.730893238796852529e-02
1.198362737195566297e-01
1.125390859087929130e-01
9.465211612405255437e-02
1.126021446834784001e-01
1.049379584146663547e-01
1.147242611914407462e-01
1.027778599527664483e-01
1.159030170529149473e-01
9.260210869251750410e-02
8.130213405820541084e-02
1.025302043417468667e-01
1.034140995761845261e-01
1.323442410212010145e-01
8.258888480486348271e-02
7.220463719568215311e-02
7.870336127234622836e-02
8.800419798353686929e-02
8.316329933586530387e-02
9.308110259007662535e-02
7.894181448500603437e-02
8.756449527572840452e-02
9.129870965261943638e-02
5.918905555154196918e-02
1.025952202326152474e-01
1.089784550131298602e-01
1.136255817255005240e-01
1.237963712483178824e-01
1.254625512810889632e-01
8.444347945624031126e-02
1.238500216859392822e-01
1.386426773096900433e-01
1.191313223389443010e-01
1.155267905851360410e-01
9.104039802332408726e-02
8.711149665759876370e-02
7.748384680598974228e-02
9.258601875626482069e-02
9.706905120401643217e-02
9.095602686284109950e-02
1.141142339329235256e-01
1.160189938382245600e-01
1.203248561068903655e-01
1.072884169989265501e-01
