1.073072021594271064e+00
1.093577471037860960e+00
1.061342429107753560e+00
1.054274933499982581e+00
1.048954556317767128e+00
1.073739913263125345e+00
1.091421617747982964e+00
1.076097967772511765e+00
1.071133837511297315e+00
1.073508404224412516e+00
1.084274480352178216e+00
1.102012752526206896e+00
1.074858287523966283e+00
1.076599084917688742e+00
1.065556442539673299e+00
1.091791675280546769e+00
1.048005310673033819e+00
1.064632709807483479e+00
1.053726737911347300e+00
1.053733634209493175e+00
1.039612644002772868e+00
1.054319336224580184e+00
1.093525261414470151e+00
1.073190344031900167e+00
1.084842963726259768e+00
1.055730362422764301e+00
1.078256018809042871e+00
1.075440316169988364e+00
1.064529280556598678e+00
1.033907754375832155e+00
1.087307974026771262e+00
1.069916063104756176e+00
1.074044979090103880e+00
1.033277890412136912e+00
1.083358902571490034e+00
1.105314143525902182e+00
1.073163124703569338e+00
1.074883739231154323e+00
1.059695379080949351e+00
1.072042119223624468e+00
1.045801189786288887e+00
1.051160934381186962e+00
1.085024498606799170e+00
1.071020428906194866e+00
1.088874604407465085e+00
1.101807979808654636e+00
1.043403588497312739e+00
1.064691720181144774e+00
1.082235491630854085e+00
1.075676936598028988e+00
1.073754257377004251e+00
1.069074917439138517e+00
1.073459568840917200e+00
1.092882719065528363e+00
1.083475488849217072e+00
1.054215023497818038e+00
1.047843340871622786e+00
1.081675100518623367e+00
1.064894126378931105e+00
1.089123100828146562e+00
1.063992560317274183e+00
1.083260581595823169e+00
1.074482048628851771e+00
1.066415743058314547e+00
1.064931648579658940e+00
1.068219585082260892e+00
1.076726951869204640e+00
1.070336193602997810e+00
1.082733620394719765e+00
1.091482484189327806e+00
1.065770321263698861e+00
1.066519258660264313e+00
1.055115331051638350e+00
1.061083750013494864e+00
1.061878013773821294e+00
1.053468387515749782e+00
1.044437422591727227e+00
1.083972504158737138e+00
1.082882934424560517e+00
1.086170821421546862e+00
1.075352629850385711e+00
1.058063348784344271e+00
1.067712934280280024e+00
1.091608326736604795e+00
1.067406532878521830e+00
1.098907110805157572e+00
1.065474368515424430e+00
1.082258828217163682e+00
1.065169513109140098e+00
1.081989976402837783e+00
1.047954202396795154e+00
1.054937681445153430e+00
1.086518387746764347e+00
1.074631246359786019e+00
1.061990475514903665e+00
1.088356684747850522e+00
1.075031661137472838e+00
1.073799884063191712e+00
1.061002023197943345e+00
1.061450161621905863e+00
