1.122701561450958341e+00
8.117819327116012618e-01
7.314067425727844629e+00
6.136523175239563255e-01
7.122728319168090572e+00
4.907284941673278666e+00
7.597682321071624889e-01
1.786623611450195215e+00
4.521989440917968395e+00
5.218621330261230540e+00
5.536207699775696156e+00
9.455399537086486283e-01
1.018996728062629753e+00
1.067159774303436226e+00
5.201157441139221405e+00
5.736913485527038503e+00
8.156682953834533123e+00
8.265543746948242898e+00
9.334759750366210085e+00
1.270571047067642123e+00
1.774973788261413610e+00
6.211527771949768351e+00
4.285217871665954803e+00
3.136456921100616579e+00
7.110200607776642201e-01
7.563143539428710538e-01
3.764124910831451398e+00
2.106055831909179776e+00
2.334234104156494016e+00
2.380521183013915909e+00
5.707028121948241939e+00
2.547639999389648580e+00
4.711281147003173686e+00
8.698365974426269798e-01
5.098880562782287740e+00
7.516016702651977965e+00
4.544100069999695179e+00
5.891798034310340437e-01
2.524622180461883580e+00
6.424861985445022849e-01
2.862305629253387274e+00
2.340030806064605784e+00
6.040405411720275453e+00
9.173696398735046165e-01
6.749005270004272639e+00
7.893997488021850195e+00
4.772178573608398366e+00
9.429099982976913985e-01
2.884571170806884854e+00
1.179889129400253367e+00
1.692095785140991238e+00
5.511847882270813237e+00
4.822352929115295339e+00
5.169021201133728205e+00
2.240674872398376483e+00
3.923243441581726110e+00
1.333505444526672301e+00
5.136877408027649139e+00
4.267465171217918463e-01
6.751194577217102477e+00
9.856576186418533059e-01
2.772382483482360715e+00
4.710504307746886887e+00
6.369122630357741954e-01
5.930695033073424938e+00
2.483105266094207675e+00
5.016488018035889063e+00
1.415016949176788330e+00
4.295030994415283132e+00
6.626604442596435440e+00
7.299703115224838168e-01
2.372718811035156250e+00
1.474438521862029949e+00
3.023402409553527903e+00
3.257878499031066966e+00
4.585981073379516992e+00
7.837183475494384766e+00
7.336133275032043599e+00
2.514211416244506836e+00
2.345625302791595423e+00
7.056260924339294860e+00
2.120939724445343177e+00
2.448603975772857488e+00
5.679610180854797186e+00
7.156524271965026607e+00
