5.647075260640121996e-02
7.688521739328280091e-02
8.461749652633443475e-02
8.104276747326366603e-02
1.153466106916312128e-01
8.532706045662052929e-02
6.596018909476697445e-02
7.040174529538489878e-02
1.023951376264449209e-01
9.808541933307424188e-02
8.420598669908940792e-02
4.662799229845404625e-02
7.827637999434955418e-02
6.791049949242733419e-02
7.004923518979921937e-02
1.207104962959419936e-01
6.665388788678683341e-02
5.030395311769098043e-02
9.244072521687485278e-02
8.925168204586952925e-02
7.626920656184665859e-02
8.925532369175925851e-02
9.610446632723324001e-02
1.001449398463591933e-01
9.333653422072529793e-02
8.568323473446071148e-02
8.931004640180617571e-02
6.597471385612152517e-02
7.313486156635917723e-02
6.779535973328165710e-02
9.762500136275775731e-02
8.813536618254147470e-02
7.047662138938903809e-02
8.266886946512386203e-02
4.211747352383099496e-02
9.066863375483080745e-02
8.734024513978511095e-02
8.315234803012572229e-02
6.662224882165901363e-02
9.311218294897116721e-02
9.316232084529474378e-02
7.543529875692911446e-02
8.925864557386375964e-02
9.126009634928777814e-02
1.062062366108875722e-01
4.187897103838622570e-02
5.921745029627345502e-02
1.234239769109990448e-01
6.364044401561841369e-02
1.099152615352068096e-01
6.375201931223273277e-02
7.627369396504946053e-02
1.055695666291285306e-01
7.822302423301152885e-02
4.946342867333441973e-02
8.598070702282711864e-02
1.104841274791397154e-01
5.763266698340885341e-02
6.311961583560332656e-02
5.351114936638623476e-02
5.522385321091860533e-02
1.054406211187597364e-01
9.430506580974906683e-02
7.528280257247388363e-02
6.010459942626766860e-02
7.758113907766528428e-02
9.611326068989001215e-02
9.086721646599471569e-02
5.998157264548353851e-02
1.213360799883957952e-01
6.781732488889247179e-02
5.609994460246525705e-02
6.082919472828507423e-02
6.267283763736486435e-02
5.305802536895498633e-02
5.862234393134713173e-02
5.152637974242679775e-02
9.662079738336615264e-02
7.334576474386267364e-02
9.279179901932366192e-02
8.736533008050173521e-02
7.643022667616605759e-02
9.183902875520288944e-02
9.016295618494041264e-02
1.140363732702098787e-01
6.607884491677395999e-02
8.863271854352205992e-02
6.462650158209726214e-02
5.149059984250925481e-02
1.065381249354686588e-01
9.298370149917900562e-02
1.065570170176215470e-01
1.030134031898342073e-01
8.053781042690388858e-02
9.915697420365177095e-02
1.059170611551962793e-01
5.355401372071355581e-02
7.017707676277495921e-02
6.562192545970901847e-02
7.444104755995795131e-02
