5.359295877860859036e-02
3.723096204339526594e-02
1.646126876585185528e-02
5.695401772391051054e-02
2.939864539075642824e-02
3.876789534115232527e-02
5.878391390433534980e-02
6.085759887355379760e-02
4.736622134805656970e-02
1.164523218176327646e-02
6.256871781079098582e-02
5.459287689882330596e-02
5.902677285484969616e-02
1.724354061298072338e-02
1.799408203805796802e-02
5.484707737923599780e-02
3.465439088176935911e-02
4.943731726962141693e-02
5.013499115011654794e-02
6.779436868964694440e-02
4.216166367405094206e-02
4.001751280156895518e-02
3.874080168316140771e-02
6.743571674451231956e-02
4.554755386197939515e-02
5.216958359233103693e-02
4.165947836008854210e-02
6.122167158173397183e-02
4.944529870408587158e-02
4.481569852214306593e-02
4.755277611548081040e-02
5.942563022836111486e-02
6.357468472560867667e-02
-5.618123628664761782e-03
3.955369707546196878e-02
5.357284555793739855e-02
2.983339357888326049e-02
4.704935499466955662e-02
2.720833706553094089e-02
4.086914667277596891e-02
4.252732577151618898e-02
4.612646103487350047e-02
3.922010125825181603e-02
6.401810809620656073e-02
2.498076204210519791e-02
2.907561085885390639e-02
3.136643435573205352e-02
4.962193081155419350e-02
2.969070020481012762e-02
5.131291691213846207e-02
7.505461919936351478e-02
6.138877116609364748e-02
4.197158088209107518e-02
3.604897626792080700e-02
5.080359155545011163e-02
7.169265864649787545e-02
4.832338899723254144e-02
3.293695911997929215e-02
5.949995998525992036e-02
3.859751395066268742e-02
6.335550916264764965e-02
4.194156080484390259e-02
5.150775751098990440e-02
5.503162273089401424e-02
5.044317766441963613e-02
5.930856883060187101e-02
1.872033713152632117e-02
4.970930822310037911e-02
7.286062705679796636e-02
5.632804843480698764e-02
3.259066646569408476e-02
4.795381135772913694e-02
4.465805957443080842e-02
3.895977721549570560e-02
5.231198846013285220e-02
1.955898242886178195e-02
2.427706538583151996e-02
5.648048620787449181e-02
4.557538332301191986e-02
2.291411240003071725e-02
3.468554245773702860e-02
4.285880699171684682e-02
3.223367864848114550e-02
3.117084561381489038e-02
3.122652362799271941e-02
3.311334704631008208e-02
8.975525657297112048e-02
3.494879128993488848e-02
4.180644877487793565e-02
4.929691442521288991e-02
5.496741458773612976e-02
5.227840793668292463e-02
2.942139920196495950e-02
4.439259026548825204e-02
3.953046398237347603e-02
5.799962283344939351e-02
2.961603857693262398e-02
2.936147354193963110e-02
3.906174612347967923e-02
7.286248248419724405e-02
