9.722552176972385496e-01
1.005971793900243938e+00
9.973088814003858715e-01
1.019956680334871635e+00
1.012472294562030584e+00
1.020016431837575510e+00
1.026553406525636092e+00
9.953068669419735670e-01
1.015770244906889275e+00
1.008254255488282070e+00
1.034802433307049796e+00
1.025242892937967554e+00
1.009005215048091486e+00
1.011961774260271341e+00
1.011886994529049844e+00
1.035152151715010405e+00
9.775186453189235181e-01
1.014396285812836140e+00
9.940782192861661315e-01
9.930970015993807465e-01
9.815468399901874363e-01
1.025473170360783115e+00
1.045840917970053852e+00
1.002469563827617094e+00
1.048970422270940617e+00
1.035433766432106495e+00
9.922017307835631073e-01
1.008907414710847661e+00
1.010022311354987323e+00
1.004479243332752958e+00
1.029211897344794124e+00
1.023971587826963514e+00
1.031745883170515299e+00
1.001084713265299797e+00
1.035491471149725839e+00
1.009449136676266789e+00
1.010325336625101045e+00
1.041268035012762994e+00
9.986190737690776587e-01
9.969947583449538797e-01
1.000316263583954424e+00
9.759480441862251610e-01
9.949405593797564507e-01
1.033064406859921291e+00
1.005166064423974603e+00
1.039806056185625494e+00
1.023401368729537353e+00
1.010153550276299939e+00
1.017514792300062254e+00
9.944195903372019529e-01
9.907991701038554311e-01
9.970250892802141607e-01
1.006186562037328258e+00
1.022638353431830183e+00
1.022520379454363137e+00
1.011578098055906594e+00
1.006906761904247105e+00
1.029599076136946678e+00
1.001245981460670009e+00
1.016470554895931855e+00
1.007658466725843027e+00
9.980261566524859518e-01
1.012944953545229509e+00
1.012965350004378706e+00
1.028012991795549169e+00
1.012464042840292677e+00
9.889118184219114482e-01
1.021114673669217154e+00
1.007247276051202789e+00
1.038913089665584266e+00
9.919867168646305799e-01
1.014472567709162831e+00
1.006027784402249381e+00
9.859689535805955529e-01
1.011480510293040425e+00
1.009074113069800660e+00
9.788910364732146263e-01
1.021333202399546281e+00
1.020395672443555668e+00
1.037257594871334732e+00
1.027828192309243605e+00
9.885019457724411041e-01
1.016184852633159608e+00
1.021542631235206500e+00
1.002562269626650959e+00
1.002679157740203664e+00
9.962816759943962097e-01
1.002785732154734433e+00
9.982822695455979556e-01
1.010079639672767371e+00
1.018122397101251408e+00
1.006440065597416833e+00
1.021855132217751816e+00
1.013709512917557731e+00
1.014395974867511541e+00
1.030284959881100804e+00
1.004832885693758726e+00
1.012721395672997460e+00
9.961140004743356258e-01
9.963000367861241102e-01
