9.967229543544817716e-01
9.945088631066028029e-01
1.001842885103542358e+00
1.023107982589863241e+00
1.002533336228225380e+00
1.008686266053700820e+00
1.020279888907680288e+00
9.948517481388989836e-01
1.020115383056690916e+00
1.014266851387219504e+00
1.031652179633965716e+00
1.019739146635401994e+00
1.005517628596862778e+00
1.024797740217763931e+00
9.921289833437185735e-01
9.987548587378114462e-01
9.941723786760121584e-01
1.007038552284939215e+00
1.030140437913360074e+00
9.741284182528033853e-01
9.909098908246960491e-01
1.010484346305020154e+00
1.020260750548914075e+00
9.946451141440775245e-01
1.018552510562585667e+00
1.040934230142738670e+00
9.953917429666034877e-01
1.036836439161561430e+00
1.016042734525399283e+00
1.001701082452200353e+00
9.951200190698727965e-01
1.046071941091213375e+00
1.001601453201146796e+00
9.487943753774743527e-01
1.025968886329792440e+00
9.906919155037030578e-01
9.993330912839155644e-01
1.027544209355255589e+00
1.017011420946801081e+00
9.784508787852246314e-01
9.779015805106610060e-01
9.705505326564889401e-01
1.007096795801771805e+00
1.012775398034136742e+00
9.850404595199506730e-01
1.031850124127231538e+00
1.001551870867842808e+00
1.012525210651801899e+00
9.791248985275160521e-01
1.009418741799890995e+00
9.922593914088793099e-01
1.000665697676595300e+00
9.949539222288876772e-01
1.019245339673943818e+00
1.016047812096076086e+00
9.949713358073495328e-01
1.007194468547822908e+00
1.018991704040672630e+00
1.005454032303532586e+00
1.028731427504681051e+00
1.023950740665895864e+00
9.908457425772212446e-01
1.008170607499778271e+00
9.960886588378343731e-01
9.819808840111363679e-01
1.001593447610503063e+00
1.028662886703386903e+00
1.001839154370827600e+00
1.005093434505397454e+00
1.039372114406432956e+00
1.013256805832497776e+00
9.904946749738883227e-01
1.000442279706476256e+00
1.003542943508364260e+00
9.951410210924223065e-01
9.951919989835005254e-01
9.827603501034900546e-01
1.026167488977080211e+00
1.013945796556072310e+00
1.016626129247015342e+00
1.007366251869825646e+00
9.884663595585152507e-01
1.015515426115598530e+00
1.003920330142136663e+00
1.026762698922539130e+00
1.005276554904412478e+00
9.772521697159390897e-01
9.915285594179295003e-01
1.016935191757511348e+00
1.021386671025538817e+00
1.014809498039539903e+00
1.004102497128769755e+00
1.000667966203764081e+00
9.997418150596786290e-01
1.015495456813368946e+00
1.002653439441928640e+00
9.828551471000537276e-01
9.852473671489860862e-01
1.002304795314557850e+00
9.750547585717868060e-01
