4.035919709713198245e-02
1.358814991544932127e-02
1.755685216630809009e-02
4.709503255435265601e-02
3.897104924544692039e-02
2.087841439060866833e-02
-2.644177118781954050e-03
4.369249421870335937e-02
-1.129623412271030247e-02
1.791103047435171902e-02
4.389434671611525118e-02
1.626351548475213349e-02
4.104002992971800268e-02
5.333262350177392364e-02
2.507463909569196403e-02
1.669016733649186790e-02
2.214012935291975737e-02
8.705529442522674799e-03
4.891674837563186884e-02
3.871470270678400993e-02
1.323416549712419510e-02
2.783485554391518235e-02
2.938874141545966268e-02
1.747710246127098799e-02
4.660190967842936516e-02
1.424368852167390287e-02
5.208198513719253242e-02
2.534579078201204538e-02
3.296821416006423533e-02
6.348480528686195612e-04
5.142837390303611755e-02
2.112364815548062325e-02
1.853153403499163687e-02
3.276147661381401122e-02
1.719322099233977497e-02
-5.602945690043270588e-03
9.043874451890587807e-03
4.444770279224030674e-02
1.163590789656154811e-02
8.645315276226028800e-03
2.063205593731254339e-02
2.689291586284525692e-02
3.910014990833587945e-02
8.048116142163053155e-03
2.682893804740160704e-02
3.443472905200906098e-02
7.800786755979061127e-03
2.203352318610996008e-02
5.408252007327973843e-03
1.764462876599282026e-02
2.050131908617913723e-03
2.940761524951085448e-02
2.348163214628584683e-02
1.611828876775689423e-02
3.205544824595563114e-02
4.536832935991697013e-02
4.958293627714738250e-02
3.704708913573995233e-02
7.353933172998949885e-02
2.766458707628771663e-02
4.498332881485112011e-02
3.282256395323202014e-02
3.501749035785906017e-02
3.160763109917752445e-02
5.378644351731054485e-02
3.826084948377683759e-02
3.361295509967021644e-02
2.834197966149076819e-02
4.357785146567039192e-02
2.982534404145553708e-02
4.045303066959604621e-03
1.083970689796842635e-02
2.877848711796104908e-02
2.625276555772870779e-02
5.979959014803171158e-02
5.062217364320531487e-02
5.946525765466503799e-02
-2.851426877896301448e-02
8.705347951035946608e-03
2.226955036167055368e-02
2.574050467228516936e-02
-1.166236220160499215e-02
4.311985342064872384e-02
-9.630562912207096815e-03
3.818462308845482767e-02
2.824342838721349835e-02
2.079525860608555377e-02
5.112919260864146054e-02
2.700340538285672665e-02
3.606663396931253374e-02
2.756732783745974302e-02
3.777612457633949816e-02
2.275435836054384708e-02
4.628204219625331461e-02
6.481665419414639473e-03
6.083376181777566671e-02
2.164914956665597856e-02
2.457730736932717264e-02
3.492307930719107389e-02
4.262744975858367980e-02
