7.963276830560062081e-01
8.094775578647386283e-01
8.652509542298503220e-01
7.911550014687236398e-01
8.033558079623617232e-01
8.134402523864991963e-01
8.100032371294219047e-01
8.208132361469324678e-01
8.071829066611826420e-01
8.352734591462649405e-01
7.841163826524280012e-01
8.053715529385954142e-01
8.022463309753220528e-01
8.107679674867540598e-01
8.416504029009956867e-01
8.168769766343757510e-01
8.123033349984325469e-01
8.045931083615869284e-01
8.329914620553608984e-01
7.900287451047915965e-01
7.987465292972046882e-01
7.953289854922331870e-01
8.408241673605516553e-01
8.127432158216834068e-01
7.972012752143200487e-01
7.979506974807009101e-01
8.066304219246376306e-01
8.017712154542095959e-01
8.000537029292900115e-01
8.525447804131545126e-01
8.338560221891384572e-01
8.082286319404374808e-01
8.238757697690743953e-01
8.175394295831210911e-01
7.875834311125800014e-01
8.013761574402451515e-01
8.016264967154711485e-01
8.173413212643936276e-01
7.939083373930770904e-01
8.053837860061321408e-01
8.145939930982422084e-01
8.275896424602251500e-01
8.015018972218967974e-01
8.016046915727201849e-01
8.184411902329884470e-01
8.189578370656818151e-01
8.246124571305699646e-01
8.344961193215567619e-01
8.101902288908604532e-01
8.027354206424206495e-01
8.043213690689299256e-01
8.190887164673767984e-01
8.317311273131053895e-01
8.160751953546423465e-01
7.804787519562523812e-01
7.996990499377716333e-01
7.718033326091244817e-01
8.055178835929837078e-01
8.041006696876138449e-01
8.196390114899259061e-01
7.906932268233504146e-01
8.126768866786733270e-01
8.271381040394771844e-01
7.907057559059467167e-01
7.928575628029648215e-01
8.181987619318533689e-01
8.079933660919778049e-01
8.064600455982144922e-01
8.033890112419612706e-01
7.927069749275688082e-01
8.194957916857674718e-01
8.133972640498541296e-01
8.214940225880127400e-01
7.976398241880815476e-01
8.160847838444169611e-01
8.283674929989501834e-01
7.671468365879263729e-01
7.935135613079182804e-01
7.959247083344962448e-01
7.888155479449778795e-01
8.034504938696045429e-01
8.090947846649214625e-01
7.930277585983276367e-01
8.267217239772435278e-01
7.985894416342489421e-01
7.687180128996260464e-01
8.189870879577938467e-01
8.151751987461466342e-01
8.187341598386410624e-01
8.057666891836561263e-01
8.160094640043098480e-01
8.173143017047550529e-01
8.228157908597495407e-01
8.086704184534028172e-01
8.197097689262591302e-01
7.956591024994850159e-01
8.257805458270013332e-01
7.915900844382122159e-01
8.166473115270491689e-01
7.816578490310348570e-01
