5.115727318467551132e-01 4.700870658336663288e-01 4.904530662962368615e-01 1.057567432598854884e+00
3.757504522609571573e-01 8.799504587132155331e-01 1.435107309949545273e+00 8.518003046099725806e-01
8.140081282872090540e+00 1.215815226641077729e+01 1.092461356780998649e+01 7.795481260595716222e+00
5.013242762205011305e-01 2.938218885604848563e-01 2.797725924238774753e-01 5.808457277498972893e-01
7.926007755343874805e+00 1.205904173859012474e+01 1.073918461467423491e+01 7.777225066448261614e+00
4.423950238365074838e+00 7.828178847905771676e+00 6.480447641207478959e+00 5.024723365767156835e+00
3.012774382108036053e-01 2.397067648467219592e-01 3.134747902957816246e-01 7.326628543168903773e-01
3.839699845925606536e-01 3.932979460421535678e-01 6.150559294727723225e-01 1.781507936255478430e+00
1.248926733151747959e+00 3.034037083704879123e+00 5.084845665982618890e+00 4.867209039943767301e+00
4.446277165075130711e+00 5.544692363130727664e+00 6.711880506861747087e+00 5.089722901513797026e+00
5.085064899129760008e+00 5.623544483984702858e+00 6.073573206494188526e+00 5.730420696668125480e+00
3.639733293274272641e-01 3.510807363802376790e-01 4.982604999999999951e-01 9.599830295736069274e-01
1.719125662675268229e-01 2.075635144840939361e-01 2.165817536816845856e-01 9.509409110030990764e-01
4.822514419522300200e-01 5.729466462158967488e-01 6.202696195691782544e-01 1.004924553237509510e+00
5.205756239995597667e+00 6.137809198853075188e+00 6.612603596505296721e+00 5.338015998942601037e+00
6.822626208339277021e+00 9.574276134471379152e+00 7.704047937345387176e+00 5.744768804284530184e+00
6.988963362386882316e+00 1.104287604004665546e+01 1.223185728219013413e+01 8.765644397646685348e+00
6.748802768101465510e+00 1.182141707139060927e+01 1.207014528491304794e+01 8.209367935708950625e+00
8.097465628904583212e+00 1.288294016626005600e+01 1.501242539772791140e+01 9.655127503498759367e+00
1.554638203302459998e-01 1.210336740251096860e-01 3.667673216127323443e-01 1.222709944029478635e+00
1.804524114966412407e+00 1.602525773475596438e+00 1.293336950452067535e+00 1.663180561597567886e+00
7.784727326612769005e+00 1.182405234376710190e+01 8.474200269941352559e+00 6.249718514560180793e+00
5.693287801850988927e+00 6.685143811736053543e+00 5.717244367714197750e+00 4.285079177274123907e+00
2.498210853012342803e+00 2.542192644515049782e+00 2.571908576498500132e+00 2.994119335458728326e+00
3.187706438440762735e-01 1.300176101477397705e-01 1.129090059190142742e-01 6.498201659582899525e-01
2.533665904212641928e-01 2.788839766966830780e-01 2.968490436614688588e-01 6.945086982017470989e-01
4.404558793680164897e+00 6.116279341060865349e+00 4.322675101219923377e+00 3.929361579915927827e+00
1.515623995921548728e+00 1.418460851764252961e+00 1.455924388044297135e+00 2.085422506468707748e+00
-1.009384999999998200e-01 -5.876519999999985089e-02 8.101643267809573168e-02 2.271798937362087489e+00
4.746167790859642799e-01 4.419349055402827520e-01 7.685375329714864145e-01 2.274767046743441767e+00
3.103719813274974371e+00 6.323511578287334345e+00 8.107051224610245299e+00 5.939833314888681493e+00
1.899881583571375154e+00 1.763763327845523143e+00 1.859101516067507953e+00 2.489820123256506257e+00
5.972856366382421456e+00 8.203529236175601369e+00 6.168167581102022012e+00 4.914571485722005306e+00
3.112330600795524260e-01 3.195981354745631720e-01 3.087612207546303056e-01 8.331925307819368909e-01
5.827843000278021712e+00 8.126962380764997107e+00 6.455959064186400198e+00 5.035709557288032379e+00
8.630237003368479876e+00 1.259641689665615871e+01 1.111865014029150167e+01 8.016954241278149595e+00
5.080941050025884920e+00 6.648069439571618666e+00 4.972233010618463567e+00 4.517905649306451998e+00
2.552416470335377996e-01 1.539735229560400265e-01 1.817496494324109813e-01 6.022241327058195370e-01
2.220479004979398763e+00 2.760337013958091834e+00 2.663667376213967319e+00 2.432300138688300528e+00
2.492474286149755358e-01 6.138289647039698593e-01 1.276873845511278471e+00 1.107358967206527822e+00
2.665569174099795990e+00 2.896235717535091236e+00 2.267562417919512630e+00 2.909426897082564079e+00
6.224891397233445200e-01 5.414386486707497559e-01 9.345886036387058837e-01 2.256877682896952564e+00
7.471534306499654221e+00 1.053108774469141729e+01 8.765664137342081830e+00 6.104496586802452107e+00
3.392093728727152424e-01 4.768603625034459337e-01 5.443002000000000118e-01 9.242257118036270036e-01
7.883123850921005094e+00 1.130656102643128946e+01 9.764504734444297895e+00 7.031366440096482151e+00
5.407385599018692091e+00 8.669827238692100480e+00 1.147119438801398772e+01 8.454727788129925869e+00
5.480890322759315758e+00 7.460437950084314096e+00 5.832639568452535173e+00 4.817142321523378179e+00
9.897178091009379841e-01 9.265427319711868615e-01 7.221128017219607953e-01 1.073012358570351488e+00
2.063815224001458670e+00 1.941358798539291941e+00 2.010884258434250782e+00 2.801764359517237235e+00
-1.002962000000000575e-01 -9.905410000000003379e-02 -3.098795366427013753e-02 1.084570906725293549e+00
1.569824967053097264e+00 1.231662697627307290e+00 8.964376070322755963e-01 1.694121365151127101e+00
7.123488946800097033e+00 9.454576286705735910e+00 5.892130953644629798e+00 5.342381706912576966e+00
4.027898788961569387e+00 7.427898060553387083e+00 7.019817332079886896e+00 4.802178011384303780e+00
2.310934644436078322e+00 3.979315405959849006e+00 6.885961087501303091e+00 5.239722222159410414e+00
7.970727057068398569e-01 6.702382350915679909e-01 1.263528105270699475e+00 2.195726618174634659e+00
5.466026906981378275e+00 5.348718899450831898e+00 4.566515713483516592e+00 3.999129580014954666e+00
7.705294086547836985e-01 1.115388343786781311e+00 9.061117583342662707e-01 1.232503969769985552e+00
4.958568218939575445e+00 8.011990421757138492e+00 6.950140979508698358e+00 5.239223476186076311e+00
4.142241115391175899e-01 2.955564961596739426e-01 2.284952808864315066e-01 3.496092332800037061e-01
7.278828087571643124e+00 1.181864249943461687e+01 1.019396052369376449e+01 7.128310522134071014e+00
5.287160142559715892e-01 1.022631377152134924e+00 1.157176037307702909e+00 9.691518196069432989e-01
2.643581946504438118e+00 2.485957137298097308e+00 2.761659054617025877e+00 2.923985586660689862e+00
6.227993886990728534e+00 8.151649342588470404e+00 5.829169909958680229e+00 4.950937661063162132e+00
3.012137779254455694e-01 1.812682421564331403e-01 2.045806896275378373e-01 5.511902018478319620e-01
3.961654643723629743e+00 6.199130606438849611e+00 8.136146131734673048e+00 6.314191258064287382e+00
1.601013836248759814e+00 1.423183897712379187e+00 1.677190544026859964e+00 2.343169582281027452e+00
6.324226567806622512e+00 8.830648909087763343e+00 7.329653354826898060e+00 5.082802391375063067e+00
1.208725235510897278e+00 8.265817243210441534e-01 6.783570761378812097e-01 1.278882645515132532e+00
1.022981635614120588e+00 1.939954114159540666e+00 4.059965265263619116e+00 4.284501148968266726e+00
8.186688982329981101e+00 1.159247627939764236e+01 9.572714454485272029e+00 6.870539855572627808e+00
8.076770584576309364e-01 6.173169493904859806e-01 4.489471464001625889e-01 6.643374006507665186e-01
-1.009267999999998722e-01 -1.623064000000000728e-01 1.212461807593530477e-01 2.196607156664030391e+00
1.091644915188291209e+00 1.004001087029456896e+00 8.364144158490152137e-01 1.444270064087486594e+00
3.212775061167237212e+00 2.998207626409637783e+00 3.219039320104187141e+00 3.145070562916729706e+00
2.609920575936427678e+00 2.747620245904643266e+00 2.846573685858417413e+00 3.174127483582990017e+00
3.711082153018506968e+00 5.091785437975162587e+00 7.390060251008698344e+00 5.044163785879180573e+00
5.860443516235211092e+00 9.401322644076081758e+00 1.116130521302819467e+01 8.287735130854972709e+00
9.239189133697038869e+00 1.300927021877402012e+01 1.072801372240920159e+01 7.764129776366067048e+00
9.984932960922607847e-01 1.463786386215017110e+00 1.875147485290553195e+00 2.560021182075252977e+00
2.645902406438195076e+00 2.593881778735988242e+00 1.592581799849651203e+00 2.275918327740194425e+00
7.156850445445865461e+00 1.207877515268375923e+01 1.038147553751452534e+01 7.497448405902895630e+00
7.311467382128006287e-01 5.447295527917650482e-01 7.803156622564692002e-01 1.984090485124999415e+00
1.342139143602645968e+00 1.461111853841553732e+00 1.521452903895661679e+00 2.300727101785537521e+00
6.568600074361034657e+00 9.209262240317867665e+00 7.450848636060896091e+00 5.678650900696532666e+00
3.589926919445766806e+00 6.505868085917703603e+00 9.826629883573586355e+00 7.915898536364415428e+00
