4.670130065642297268e-02
2.130641412804834545e-02
1.043929572915658355e-03
2.585424968856386840e-02
1.713324815500527620e-02
1.216714290785603225e-02
1.794545957818627357e-02
3.142425863188691437e-02
3.240674876724369824e-02
1.856742476229555905e-02
3.616070791031233966e-02
5.744376991060562432e-02
5.817305485834367573e-02
3.295029251603409648e-02
-5.596052884357050061e-03
1.323178742313757539e-02
2.199738388299010694e-02
3.329974715597927570e-04
5.046462707105092704e-02
1.561173569643869996e-02
2.457215223694220185e-02
3.608777048066258430e-02
3.790349935297854245e-02
-1.467649586265906692e-02
1.555376977194100618e-02
8.217722323024645448e-03
3.038587572518736124e-02
4.922162037109956145e-02
2.524839871330186725e-02
-7.455362065229564905e-03
3.738717813394032419e-02
7.282202190253883600e-03
-3.116536070592701435e-03
4.288030776660889387e-02
4.569643415743485093e-02
2.713974245125427842e-03
1.394270360469818115e-02
2.010397287085652351e-02
1.742357001057825983e-02
5.666215729434043169e-03
4.361853076261468232e-02
3.671050345292314887e-02
4.590765325701795518e-02
1.021764418692328036e-02
3.135493645095266402e-02
3.701061656465753913e-02
1.047233966528438032e-02
3.256086132023483515e-02
9.133107145316898823e-03
3.706304132356308401e-02
-1.074101481935940683e-02
3.557456561247818172e-02
3.067821328295394778e-02
1.309646302252076566e-02
1.883176155388355255e-04
5.181287086452357471e-02
3.198974914266727865e-02
5.504540281253866851e-02
7.181060593575239182e-02
2.880353172076866031e-02
3.821335552493110299e-02
3.672625942272134125e-02
2.261955081485211849e-02
2.551715500885620713e-03
2.814263122854754329e-02
3.811584593495354056e-02
3.522226421046070755e-02
2.020405555958859622e-02
5.004877116880379617e-02
2.923498567542992532e-02
2.056774136144667864e-02
2.365348336752504110e-04
3.319082065718248487e-02
2.268596898647956550e-02
5.051412596367299557e-02
7.850973430322483182e-02
5.442729531205259264e-02
-1.376295048976317048e-02
3.425270188017748296e-02
2.831935047288425267e-02
-9.261204628273844719e-03
-4.127414635149762034e-03
2.442743346909992397e-02
-7.662974356207996607e-03
5.044914639438502491e-02
-7.884119084337726235e-03
1.786251738667488098e-02
4.172598462901078165e-02
2.997588281868956983e-02
1.665205141762271523e-02
1.894129262655042112e-02
7.842786028049886227e-03
2.565294591477140784e-02
3.126287626218982041e-02
3.025752786197699606e-02
2.415030324482358992e-02
3.028531267773360014e-02
2.059931936673820019e-02
2.478591693216003478e-02
3.639505454339087009e-02
