1.804079272551462054e-01
2.176316208206117153e-01
2.288838360982481390e-01
1.941267136135138571e-01
1.896815501386299729e-01
1.915448245417792350e-01
1.922328396176453680e-01
1.730320313072297722e-01
1.847657946636900306e-01
1.989898643223568797e-01
1.995573625317774713e-01
2.073884863930288702e-01
2.177977890241891146e-01
1.745559966075234115e-01
2.090408507501706481e-01
1.927892768580932170e-01
1.958640419761650264e-01
2.054439892817754298e-01
2.132239679340273142e-01
2.104535847611259669e-01
2.120199544297065586e-01
1.730065845185890794e-01
2.035764088504947722e-01
1.899212445423472673e-01
2.284477773937396705e-01
1.957528677012305707e-01
1.768459434679243714e-01
1.971848364337347448e-01
1.840701511246152222e-01
2.117755641811527312e-01
1.873308539798017591e-01
1.781479250057600439e-01
1.945239797641988844e-01
2.017219132103491575e-01
2.019651437876746058e-01
1.928463381773326546e-01
1.861099167144857347e-01
2.094492787728086114e-01
1.957829757593572140e-01
1.864798086171504110e-01
2.204712950624525547e-01
2.113126625481527299e-01
1.741068650444503874e-01
2.020645514130592346e-01
2.130095889151562005e-01
1.988598523312248290e-01
1.558840774232521653e-01
1.936182775534689426e-01
1.909516659798100591e-01
1.727932242501992732e-01
2.047857736179139465e-01
2.146076690114568919e-01
1.683811133552808315e-01
1.882715079118497670e-01
2.374288016872014850e-01
1.800532405322883278e-01
2.143359392648562789e-01
2.122397983330301940e-01
2.006546503980644047e-01
2.149646178877446800e-01
2.042263569019269198e-01
1.941760920744854957e-01
1.985312250326387584e-01
1.914537253614980727e-01
1.791130101482849568e-01
2.086715100449509919e-01
2.032478716282639652e-01
1.850040428107604384e-01
1.995234292699024081e-01
2.022153683356009424e-01
2.074218784691765904e-01
2.182209956808947027e-01
1.619414617889560759e-01
1.845876323641277850e-01
1.980352266982663423e-01
1.882571703754365444e-01
1.916121772374026477e-01
1.992827859648969024e-01
1.914108763739932328e-01
2.035499790217727423e-01
2.016318460518959910e-01
1.587996468006167561e-01
2.291436520754359663e-01
2.115325568302068859e-01
2.120810193591751158e-01
2.216461365169379860e-01
1.726065238472074270e-01
1.924964094650931656e-01
1.816299126658122987e-01
1.792806776647921652e-01
1.888492858852259815e-01
2.005991793703287840e-01
1.686801143514458090e-01
1.761407449957914650e-01
1.879592220066115260e-01
1.874150726071093231e-01
2.036457161884754896e-01
1.641906081349588931e-01
1.784205110452603549e-01
1.979134215507656336e-01
