4.832210392951965083e+00
6.069459900856018386e+00
2.450747656822204412e+00
3.315500288009643359e+00
2.533860101699829226e+00
2.759961171150207448e+00
3.479870247840881614e-01
7.630372986793518386e+00
5.867041568756103942e+00
4.845907363891601705e+00
7.375651407241821111e+00
5.831133275032043706e+00
5.119845457077026651e+00
6.180532732009887731e+00
5.191151127815246902e+00
4.485192890167236435e+00
7.613181142807007085e+00
5.218644747734069611e+00
1.496765396595001185e+00
1.162113827466964677e+00
1.599813694953918564e+00
2.111754268407821655e+00
2.283985474109649694e+00
3.620737844705581576e-01
6.259504542350769363e+00
1.618231952190399170e+00
7.858520823717117798e-01
1.568063551187515170e+00
2.749715509414672798e+00
5.363223242759704412e+00
1.086043757796287590e+00
8.922676014900207120e-01
1.868742563724517858e+00
4.631301445960998464e+00
5.240170469284057830e+00
3.007319221496581818e+00
5.346324807405471446e-01
8.555789846181869329e-01
2.292523247003555475e+00
8.879628026485443248e-01
4.971079883575439062e+00
2.210213696956634610e+00
6.305790915489196458e+00
3.564411420822143572e+00
7.261528573036193812e+00
5.029873266220092454e+00
2.289657986164093106e+00
5.773345068097114341e-01
7.204108142852783114e-01
3.070297145843505771e+00
1.268670604228973486e+00
4.503655056953430602e+00
1.380889179706573433e+00
4.883989050984382518e-01
1.619672700166702173e+00
8.302976517677306489e+00
7.737333440780640004e+00
9.222874889373779084e+00
1.021446084380149832e+00
6.457266201972961639e+00
4.020504479408264054e+00
7.218440914154053090e+00
6.416317739486694371e+00
1.316946660280227555e+00
7.570675187110900595e+00
2.347564165592193497e+00
4.803058385848999023e+00
3.131467523574829048e+00
1.189263802766799882e+00
7.582140469551086781e+00
5.306534581184386923e+00
4.360369997024536204e+00
2.252875351905822665e+00
7.569882435798644948e+00
1.339053099155425919e+00
2.679721474647521973e+00
6.183252396583557520e+00
3.762701334953308052e+00
7.106162881851195934e+00
5.059686007499695215e+00
2.164722102880477728e+00
2.093256922960281319e+00
4.901965776085853710e-01
7.210548001527786743e-01
5.059198560714722070e+00
