7.946117346291430295e-01
8.276811506075318903e-01
8.457494932226836681e-01
7.778707146062515676e-01
8.052841848402749747e-01
7.941997208981774747e-01
8.129119509248994291e-01
8.112316988990642130e-01
8.072088274930138141e-01
8.410630026774015278e-01
7.690943832567427307e-01
7.830119796562939882e-01
7.951922379143070430e-01
8.015976881433743984e-01
8.255818126781377941e-01
8.258793989662081003e-01
7.821225910156499594e-01
8.114515342749655247e-01
8.219754268066026270e-01
7.880577420582994819e-01
8.073862626333720982e-01
7.739665342087391764e-01
8.093035056372173131e-01
7.695566116308327764e-01
7.868797837872989476e-01
7.711517824791371822e-01
8.099805725796613842e-01
8.032388871943112463e-01
7.954343819583300501e-01
8.260762562276795506e-01
8.031001415511127561e-01
7.891238284937571734e-01
8.100214172736741602e-01
7.932456668931990862e-01
7.796980220591649413e-01
7.946830049331765622e-01
7.772727745468728244e-01
7.836699711624532938e-01
7.837987309321761131e-01
7.965920059359632432e-01
7.916249871777836233e-01
8.020534377428703010e-01
8.001349834376014769e-01
7.998496885411441326e-01
7.940163541352376342e-01
8.034861095075029880e-01
8.076350250921677798e-01
8.183846375322900712e-01
7.745152932184282690e-01
7.861652997962664813e-01
7.771159947151318192e-01
7.799609728972427547e-01
8.344275935669429600e-01
8.101452100381720811e-01
7.692027686862275004e-01
7.843828879413194954e-01
7.417883939051534981e-01
8.073567855462897569e-01
7.712545578833669424e-01
7.976047609117813408e-01
8.047056936484295875e-01
7.901821357081644237e-01
8.126959275687113404e-01
7.912829249398782849e-01
7.747911566111724824e-01
7.622029634658247232e-01
7.678132975415792316e-01
8.003280584234744310e-01
7.617351589724421501e-01
7.686261725611984730e-01
7.729438988026231527e-01
7.788580714841373265e-01
7.889632027363404632e-01
7.951870237302500755e-01
8.005638956383336335e-01
8.497076866042334586e-01
7.324161581345833838e-01
7.931221846083644778e-01
7.731636920652817935e-01
7.861462346045300364e-01
7.741989350761286914e-01
8.037309715291485190e-01
7.791415177343878895e-01
8.157529253221582621e-01
8.200310413376428187e-01
7.539702702197246253e-01
8.278310996538493782e-01
8.029495922964997590e-01
8.023725405510049313e-01
7.984453252574894577e-01
8.201640955521725118e-01
8.002259618369862437e-01
8.082480277225840837e-01
8.180606951063964516e-01
8.097292355378158391e-01
7.754413414513692260e-01
7.953444086597301066e-01
8.186670255672652274e-01
8.219543830200564116e-01
7.692419908998999745e-01
