5.301408111699856818e-02
3.127247930387966335e-02
5.805597343714907765e-02
4.658018599729984999e-02
4.208253225078806281e-02
4.946833968278951943e-02
4.739939045975916088e-02
5.580993660259991884e-02
5.951584040303714573e-02
2.759178596897982061e-02
2.234690703335218132e-02
4.744789676624350250e-02
4.055182836600579321e-02
5.986644682707265019e-02
5.499962976318784058e-02
3.118710199487395585e-02
3.978125189314596355e-02
7.274407256045378745e-02
7.961216854164376855e-02
7.140579109545797110e-03
4.614313892670907080e-02
7.695376625633798540e-02
6.122658716049045324e-02
2.104840922402217984e-02
6.954840137041173875e-02
8.243258294533006847e-02
5.195442543481476605e-02
4.366546461824327707e-02
6.158992456039413810e-02
5.173537429072894156e-02
4.712972929701209068e-02
4.719443712383508682e-02
5.613631824962794781e-02
3.256099179270677269e-02
4.952648724429309368e-02
8.441789774224162102e-02
3.969420006615109742e-02
6.369838648242875934e-02
6.017911370145156980e-02
6.205275893444195390e-02
4.934905809932388365e-02
5.425755318719893694e-02
3.172114095650613308e-02
5.528589210007339716e-02
5.614464954123832285e-02
7.374524741317145526e-02
3.517159484908916056e-02
4.040893714409321547e-02
4.901887848973274231e-02
2.786742287571541965e-02
6.693300118786282837e-02
6.537347979610785842e-02
4.711492051137611270e-02
5.986146943178027868e-02
6.653993512736633420e-02
7.619888006593100727e-02
3.564373345579952002e-02
4.357906192308291793e-02
6.321913993451744318e-02
7.143344360520131886e-02
7.829662176663987339e-02
6.332625797949731350e-02
3.873958135955035686e-02
4.256754132802598178e-02
5.000110963010229170e-02
1.699762002681382000e-02
4.106002545449882746e-02
2.904157695593312383e-02
4.702512390213087201e-02
5.405871273251250386e-02
6.092188818729482591e-02
4.444812308065593243e-02
3.381380342761985958e-02
4.425689601339399815e-02
3.503016388276591897e-02
4.620908468496054411e-02
1.587149663828313351e-02
4.779631661949679255e-02
3.788736779824830592e-02
1.335861303959973156e-02
5.335592667688615620e-02
4.275676450924947858e-02
7.753407253767363727e-02
6.667065212968736887e-02
5.161164584569633007e-02
5.294296826468780637e-02
7.051798337488435209e-02
7.889245601836591959e-02
3.119615162722766399e-02
5.210140845156274736e-02
4.314846327179111540e-02
4.713071882724761963e-02
2.958957300870679319e-02
3.396074136253446341e-02
3.198591794352978468e-02
4.617733784834854305e-02
4.908877881825901568e-02
6.915097113233059645e-02
6.619830979616381228e-02
5.833338247612118721e-02
