3.832557651912793517e-02
1.311543662450276315e-02
5.089793476508930326e-02
3.209480227087624371e-02
2.667478035436943173e-02
4.771831780089996755e-02
1.832618098706007004e-02
3.613470291020348668e-02
3.226055126287974417e-02
6.180019248859025538e-02
3.967554698465391994e-02
4.737230372847989202e-02
4.298984378692694008e-02
4.041587657411582768e-02
3.058472301927395165e-02
1.971336407586932182e-02
4.296025278745219111e-02
2.783272974193096161e-02
3.772667399607598782e-02
4.988750861957669258e-02
3.855317668057978153e-02
3.324626202811487019e-02
2.687392514781095088e-02
3.474262225790880620e-02
2.027328210533596575e-02
5.589826297364197671e-02
3.199031535768881440e-02
5.965299005038104951e-02
1.029543200274929404e-03
3.034095498151145875e-02
2.171168747008778155e-02
3.055246057920157909e-02
4.766879379167221487e-02
5.129466587095521390e-02
5.576852426747791469e-02
6.054803819279186428e-02
3.247443909640423954e-02
2.355965538299642503e-02
1.472084713168442249e-02
3.231395399780012667e-02
3.381729091051965952e-02
4.861506144516170025e-02
3.460251726210117340e-02
4.158755805110558867e-02
1.158532887347973883e-02
4.339571844320744276e-02
2.974880012334324419e-02
2.607139866449870169e-02
4.577424129820428789e-02
2.746324177132919431e-02
3.652071909164078534e-02
3.505162810324691236e-02
4.746864398475736380e-02
2.768728553201071918e-02
3.320417468785308301e-02
-2.890511736040934920e-03
2.115469143609516323e-02
4.811747305211611092e-02
3.228540465352125466e-02
3.918906571925617754e-02
5.151134668267332017e-02
4.464655873016454279e-02
2.071260669617913663e-02
9.875896445009857416e-03
2.359254623297601938e-02
2.984649405698291957e-02
1.075059105642139912e-02
1.663514587562531233e-02
4.265346194733865559e-02
3.258310409728437662e-02
3.024295196519233286e-02
3.973518393468111753e-02
5.486927359015680850e-02
4.432525919401086867e-02
1.250913416151888669e-02
6.004948867484927177e-03
1.831824606051668525e-02
4.445440359995700419e-02
4.938972948002628982e-02
3.626243921462446451e-02
4.078241492970846593e-02
1.982771939947269857e-02
2.184826569282449782e-02
6.667818411369808018e-02
3.494436814798973501e-02
5.859041353687644005e-03
4.671898458036594093e-02
2.084517746698111296e-02
4.608972716960124671e-02
2.335683134151622653e-02
3.755878214724361897e-02
2.319610930862836540e-02
4.722294601378962398e-02
2.789835404837504029e-02
4.680757413734681904e-02
2.151354585657827556e-02
2.724619634682312608e-02
4.148894510581158102e-02
2.797969290986657143e-02
5.114012584090232849e-02
