3.538726302213035524e-02
7.222658407408744097e-02
4.122181044658645988e-02
4.897475577308796346e-02
7.383785059209913015e-02
4.170434919069521129e-02
4.345813498366624117e-02
4.295701341470703483e-02
4.537757099024020135e-02
5.744034613599069417e-02
7.545268375542946160e-02
5.578387054265476763e-02
3.662629544851370156e-02
7.119023447739891708e-02
2.260182108148001134e-02
9.483650798210874200e-02
4.279797920025885105e-02
6.425445096101611853e-02
4.421060092863626778e-02
8.394090580986812711e-02
4.781288144295103848e-02
8.759667060803622007e-02
4.641784736304543912e-02
3.254759556148201227e-02
8.256721223006024957e-02
5.503800770384259522e-02
6.753059496986679733e-02
4.392888315487653017e-02
4.300192304071970284e-02
4.314835096010938287e-02
8.175318015855737031e-02
8.520580953336320817e-02
5.580576983629725873e-02
6.554543777019716799e-02
3.764221179881133139e-02
6.418175325961783528e-02
7.220786524703726172e-02
6.698119695647619665e-02
5.402875517029315233e-02
5.731290529365651309e-02
6.972787884296849370e-02
4.608379321871325374e-02
6.581084197387099266e-02
8.295678129070438445e-02
6.711657409323379397e-02
1.430147778592072427e-02
6.385129725094884634e-02
7.746971165761351585e-02
4.809126761392690241e-02
8.106049703201279044e-02
4.475642862962558866e-02
6.538801686838269234e-02
6.735267527983523905e-02
5.008537479443475604e-02
4.705276386812329292e-02
6.286288870614953339e-02
6.553888102644123137e-02
6.589657755102962255e-02
6.170301599195227027e-02
2.922279477934353054e-02
6.207581801572814584e-02
1.170179256878327578e-01
6.054364837473258376e-02
6.107021754723973572e-02
2.378236764343455434e-02
7.640668895328417420e-02
4.381748629384674132e-02
5.941589508438482881e-02
4.658963577821850777e-02
8.393259235890582204e-02
3.935487617854960263e-02
4.345464467769488692e-02
6.269540177891030908e-02
7.021481383708305657e-02
5.329614487709477544e-02
4.037548272754065692e-02
2.446246953331865370e-02
5.133298321743495762e-02
6.614621955668553710e-02
3.827071012347005308e-02
5.193896841956302524e-02
6.129342029453255236e-02
6.838668868294917047e-02
4.518613990512676537e-02
8.926572368363849819e-02
5.829281383194029331e-02
6.645945599302649498e-02
3.456765593728050590e-02
5.157424951903522015e-02
8.333659020718187094e-02
7.215958336018957198e-02
6.930199012276716530e-02
5.908794401329942048e-02
6.681971394573338330e-02
7.418578819488175213e-02
7.200995681341737509e-02
1.731900559389032423e-02
5.285839125281199813e-02
6.287858632276766002e-02
7.252872298704460263e-02
