1.030288115725852549e-02
3.976992962998338044e-02
4.466062324354425073e-03
2.222584676928818226e-02
4.228482290636748075e-02
3.148270971723832190e-02
9.020657977089285851e-03
1.774694336927495897e-02
2.901884933817200363e-02
1.465008503873832524e-02
3.935764994821511209e-02
2.564017023541964591e-02
2.062943179043941200e-02
2.271871504490263760e-02
2.234303305158391595e-03
5.233462844626046717e-02
1.772377517772838473e-02
1.933341732365079224e-02
4.003646355704404414e-02
4.725482672802172601e-02
3.220724622951820493e-02
3.658743607229553163e-02
3.703772369772195816e-02
2.059502669726498425e-02
2.350988332182168961e-02
1.626804596162401140e-02
3.421328263357281685e-02
1.768339070258662105e-02
1.737084012711420655e-02
2.411830669734627008e-02
4.546151516842655838e-02
5.645159864798188210e-02
3.361659374786540866e-02
1.826506675570271909e-02
1.027975737815722823e-02
3.913261950947344303e-02
3.889096612692810595e-02
2.051887105335481465e-02
1.267907346482388675e-02
2.619574565324001014e-02
4.237025423208251595e-02
2.603602968156337738e-02
1.555155866662971675e-02
2.010092564160004258e-02
4.566214728401973844e-02
4.916550300549715757e-03
2.919218220631591976e-02
4.161590849980711937e-02
8.818988135317340493e-03
4.773841603309847414e-02
-1.108319647028110921e-02
3.055484578362666070e-02
4.757030794280581176e-02
1.074575164238922298e-02
8.872831502230837941e-03
4.959908052114769816e-02
4.052502888953313231e-02
3.586261146119795740e-02
3.619977671769447625e-02
2.248962808516807854e-02
2.414375310763716698e-02
4.583227357943542302e-02
2.871717786183580756e-02
3.494846972171217203e-02
-1.464979283628053963e-02
4.787393449805676937e-02
3.661716898204758763e-02
2.518585941288620234e-02
3.397781393141485751e-02
4.958451920538209379e-02
-7.736514962743967772e-03
1.640980166848748922e-02
2.408699807710945606e-02
1.528096804395318031e-02
4.272155551007017493e-03
1.541878457646816969e-02
1.700269326101988554e-02
2.903370367130264640e-02
3.920857072807848454e-02
1.240832111216150224e-02
2.281330150435678661e-02
2.382821420906111598e-02
1.968323867185972631e-02
2.814164268784224987e-02
5.712149495957419276e-02
3.243187611224129796e-02
1.633706601569429040e-02
7.118922279914841056e-03
6.420913909096270800e-03
4.810572040150873363e-02
4.099535456043668091e-02
4.277832276420667768e-02
2.513382676988840103e-02
3.110791248036548495e-02
5.775907839415594935e-02
3.960396454203873873e-02
8.014478982659056783e-03
1.681046586600132287e-02
3.473875965573824942e-02
2.632151692523621023e-02
