8.068570835166610777e-02
9.045739541761577129e-02
1.153684590244665742e-01
8.695761542185209692e-02
7.564969439408741891e-02
8.024044276680797338e-02
6.850582410697825253e-02
8.292781337513588369e-02
9.108105106861330569e-02
9.386968202306888998e-02
1.048081845801789314e-01
8.267064974643290043e-02
9.076532247127033770e-02
7.231809920631349087e-02
7.473016399308107793e-02
7.200617756461724639e-02
9.903653577202931046e-02
9.566073678433895111e-02
9.350645579979754984e-02
8.098156057531014085e-02
6.518282587057910860e-02
1.091118925542104989e-01
8.352062018821015954e-02
1.100206896953750402e-01
1.001610294624697417e-01
1.232837863790336996e-01
7.192625457537360489e-02
9.803068145993165672e-02
8.146822985145263374e-02
7.494922127807512879e-02
8.241740500670857728e-02
7.748787783202715218e-02
9.184382620151154697e-02
8.374313815147615969e-02
1.038328806171193719e-01
9.438959043473005295e-02
8.364759950200095773e-02
8.368716042605228722e-02
6.733442383119836450e-02
7.021469587925821543e-02
8.128797847894020379e-02
8.870819298317655921e-02
7.966030522948130965e-02
8.539628231665119529e-02
6.192487585940398276e-02
8.764821503427810967e-02
7.492914539761841297e-02
6.491736113093793392e-02
1.055041775107383728e-01
9.315880932263098657e-02
1.086384656373411417e-01
9.001791194896213710e-02
8.093780060880817473e-02
9.483954572351649404e-02
1.035432673816103488e-01
7.744656136492267251e-02
4.980190834612585604e-02
8.387187041807919741e-02
8.036000255378894508e-02
8.999716362450271845e-02
1.016622989554889500e-01
9.317754968651570380e-02
7.035483495565131307e-02
6.147812458220869303e-02
8.918664001976139843e-02
7.995591181679628789e-02
5.470155325019732118e-02
7.036075511132366955e-02
8.535422998829744756e-02
8.290006496827118099e-02
7.161365431966260076e-02
9.763069648761302233e-02
1.105696060112677515e-01
1.125216232321690768e-01
8.440648874966427684e-02
7.720365657587535679e-02
8.735164056997746229e-02
7.511543497093953192e-02
1.086146021261811256e-01
8.741963683860376477e-02
7.876486727036535740e-02
8.321512016118504107e-02
7.085693441331386566e-02
1.183808204950764775e-01
7.831329738837666810e-02
6.920141418231651187e-02
7.631718140328302979e-02
9.770213285810314119e-02
7.329985924297943711e-02
8.844276191666722298e-02
7.195133701316080987e-02
7.919638289604336023e-02
1.048056517320219427e-01
8.399296118295751512e-02
8.769296939135529101e-02
7.758197397924959660e-02
6.877485636505298316e-02
9.284665645100176334e-02
8.562542934669181705e-02
9.448648791294544935e-02
