6.092415892635472119e-02
5.154135604971088469e-02
4.210363785387016833e-02
4.874081164598464966e-02
3.728497342672199011e-02
3.442259642179124057e-02
3.641321256873197854e-02
4.449290203046984971e-02
2.068490211968310177e-02
6.330143407103605568e-02
5.536761292023584247e-02
4.695883498061448336e-02
7.701273102429695427e-02
6.496410307590849698e-02
2.977935501257888973e-02
3.071975632337853312e-03
3.358561746426858008e-02
2.924439229536801577e-02
5.230974857113324106e-02
4.092670191312208772e-02
4.298339143861085176e-02
3.758372113225050271e-02
5.292767353239469230e-02
1.456819529994390905e-02
5.569696804741397500e-02
5.275279807392507792e-03
6.426899359212256968e-02
4.201719915727153420e-02
3.386014598072506487e-02
2.834759574034251273e-02
4.338447307236492634e-02
3.291600706870667636e-02
1.238688593730330467e-02
6.672719845664687455e-02
4.493939783424139023e-02
2.863883244572207332e-03
6.170592879061587155e-02
4.040245345095172524e-02
3.283800947247073054e-02
3.304541518446058035e-02
4.767406472819857299e-02
5.643873440567404032e-02
5.211543489713221788e-02
1.733380244695581496e-02
4.867982011637650430e-02
4.759815189754590392e-02
2.232969846227206290e-02
3.125157579779624939e-02
1.290138415060937405e-02
4.604724451201036572e-02
1.057834218954667449e-02
3.704490466043353081e-02
4.234181332867592573e-02
4.058949727914296091e-02
9.223546046996489167e-03
6.987556978128850460e-02
3.435832759714685380e-02
5.561179292271845043e-02
5.795322181074880064e-02
2.388428844278678298e-02
5.973604210885241628e-02
5.024226973182521760e-02
5.804820405319333076e-02
1.895705822971649468e-02
4.212003055727109313e-02
4.562988702673465014e-02
5.717119388282299042e-02
3.419086505891755223e-02
7.421837773290462792e-02
4.265568018308840692e-02
4.621264885645359755e-02
1.363028422929346561e-02
5.758285027695819736e-02
4.300737733137793839e-02
7.544930864241905510e-02
6.931259180419147015e-02
6.503009182051755488e-02
2.095384211861528456e-02
4.793455798062495887e-02
3.905088233295828104e-02
1.715715581667609513e-02
2.404775031027384102e-02
3.445806037052534521e-02
-3.627932223025709391e-03
5.243393682758323848e-02
2.425252308603376150e-02
3.819280955940485001e-02
7.332004545605741441e-02
5.905261758016422391e-02
3.433978825341910124e-02
4.072123128571547568e-02
4.654492382542230189e-02
3.555740040610544384e-02
6.026596890296787024e-02
3.730122064007446170e-02
5.378329678205773234e-02
3.236071660649031401e-02
4.231472182436846197e-02
3.532231322606094182e-02
5.206115459441207349e-02
