6.734285771381109953e-02
7.938566745724529028e-02
7.943925532163120806e-02
7.001195140765048563e-02
9.489363597822375596e-02
9.866368310758844018e-02
3.751313578686676919e-02
5.854370241286233068e-02
7.998330405098386109e-02
8.669414022006094456e-02
8.698486437788233161e-02
5.670128480414859951e-02
6.137266714358702302e-02
8.161619014572352171e-02
6.328696830314584076e-02
9.364904195535928011e-02
6.623718750779516995e-02
6.911152598331682384e-02
9.935457698884420097e-02
9.497795556671917439e-02
6.761717848712578416e-02
8.210893231444060802e-02
8.736547140870243311e-02
6.751070317113772035e-02
8.680698170792311430e-02
3.552654670784249902e-02
8.936408165027387440e-02
5.236300340038724244e-02
4.988155636237934232e-02
7.531817964627407491e-02
9.619739747722633183e-02
8.663413554313592613e-02
5.212293905788101256e-02
7.812651144922710955e-02
7.322579005267471075e-02
7.187698766938410699e-02
9.891730773961171508e-02
1.234018609102349728e-01
5.262683297041803598e-02
8.469156996579840779e-02
9.309022099478170276e-02
7.274503065855242312e-02
7.992188874050043523e-02
8.622547634877264500e-02
8.567077390034683049e-02
4.766091454075649381e-02
6.980556188500486314e-02
1.062672127154655755e-01
6.273457006318494678e-02
1.049973499320913106e-01
7.947093265829607844e-02
6.275236199144273996e-02
8.425807606545276940e-02
7.892650112626142800e-02
4.565625707618892193e-02
9.875410093809477985e-02
1.051001498126424849e-01
6.354460908914916217e-02
6.725412679952569306e-02
6.414261882309801877e-02
6.405547540634870529e-02
1.378769517468754202e-01
7.602265750756487250e-02
6.262559469905681908e-02
6.835017769481055439e-02
7.327368349069729447e-02
8.701408398337662220e-02
8.798478683456778526e-02
6.458332165493629873e-02
1.112588687101379037e-01
6.164494811673648655e-02
5.974067389615811408e-02
8.163557687657885253e-02
8.371328600333072245e-02
6.327558736666105688e-02
7.071115798316895962e-02
4.419422810315154493e-02
5.844553498900495470e-02
7.408839080017060041e-02
5.103623325703665614e-02
9.192264196462929249e-02
7.184406096348538995e-02
9.982891601976007223e-02
8.572929634829051793e-02
1.049451789876911789e-01
5.915697917225770652e-02
8.550370647571980953e-02
5.062202099361456931e-02
4.213869498926214874e-02
9.299485653173178434e-02
6.939241013606078923e-02
9.392247235518880188e-02
8.602898535900749266e-02
6.905865666340105236e-02
7.162162341410294175e-02
1.034460385853890330e-01
3.639221543562598526e-02
7.112927519483491778e-02
7.954222601256333292e-02
4.977983934804797173e-02
