-5.418852757429704070e-03
-3.517506225034594536e-02
-2.944681941880844533e-02
-1.161485956981778145e-02
-2.513820421881973743e-02
-3.418305274681188166e-02
-6.100963338394649327e-02
-2.394163745339028537e-02
-4.786662530386820436e-02
-4.858135356334969401e-02
-5.443788511911407113e-03
-1.705615691025741398e-02
-1.732189540052786469e-02
-5.878804720123298466e-02
-5.580739057040773332e-02
-1.196231876383535564e-02
-4.655662650475278497e-02
-4.513330117333680391e-03
-2.544802377815358341e-02
-2.365469295182265341e-02
-1.187181341811083257e-02
-7.828144007362425327e-03
-2.286089592962525785e-02
-2.630571110057644546e-02
-3.683537014876492321e-02
-1.356982759898528457e-02
-3.314339040662162006e-02
-2.487299160566180944e-02
-2.886632323497906327e-02
-2.552393122459761798e-02
-2.714635687880218029e-02
-1.763986228615976870e-02
-3.155830525793135166e-02
-4.364335438003763556e-02
-2.757038059644401073e-02
-8.901364053599536419e-03
-3.481476107845082879e-02
-2.762108651222661138e-02
-6.027854129206389189e-02
-2.061163049074821174e-02
-3.048488529748283327e-02
-2.343260962516069412e-02
-3.576279821572825313e-03
-9.540943719912320375e-03
-4.067276336718350649e-02
-3.860303651890717447e-02
-2.658754040021449327e-02
-2.910127333598211408e-02
-5.239968863315880299e-02
-5.558092641877010465e-03
-2.585668448591604829e-02
-3.237151066423393786e-02
-1.044780263327993453e-02
-3.054249644628725946e-02
-2.824748086277395487e-02
-1.710006743087433279e-02
-3.206597673124633729e-02
-4.591446201084181666e-02
-5.478829174535349011e-03
-2.690944820642471313e-02
-1.895661314483731985e-02
-4.772549646440893412e-02
-2.077317485236562788e-02
-1.315778354182839394e-03
-3.022630515624769032e-02
-3.271912958007305861e-02
-4.919144388986751437e-02
-3.053730993997305632e-02
1.591757102869451046e-02
-1.810499932616949081e-02
-5.991783665376715362e-02
-1.344881253316998482e-02
-4.040181986056268215e-02
-2.314868359826505184e-02
-4.934094729833304882e-03
-3.348274485324509442e-02
-3.865300875622779131e-02
-3.951678550220094621e-02
2.250211138743907213e-03
-3.415607419447042048e-02
-3.034119438962079585e-02
-2.129625642555765808e-02
-2.587195413070730865e-02
-3.619291397626511753e-02
-5.198586071492172778e-02
-3.154575792723335326e-02
-1.578282556147314608e-02
-3.534472011961042881e-02
-2.369962332886643708e-02
-1.638011046452447772e-02
-8.922536508180201054e-03
-3.402266523335129023e-02
-3.524126121192239225e-02
-3.701737165101803839e-02
-2.559137938078492880e-02
-1.037735550198704004e-02
-1.952250429894775152e-02
-4.757132139638997614e-02
-8.816622867016121745e-03
-2.228071790887042880e-02
