1.668350395048037171e-01
1.530690362269524485e-01
1.808412887621670961e-01
1.761356808419805020e-01
1.799799490545410663e-01
1.937057962932158262e-01
1.582381180778611451e-01
1.684224434138741344e-01
1.657331143505871296e-01
1.752660011115949601e-01
2.179523505619727075e-01
1.786892650125082582e-01
1.824093669129069895e-01
1.934701815480366349e-01
2.200401437876280397e-01
1.750524432281963527e-01
1.989584585535340011e-01
1.961524151847697794e-01
1.631824462674558163e-01
1.726568762969691306e-01
1.821064696705434471e-01
1.762738186516799033e-01
1.610290194803383201e-01
1.512575251981616020e-01
1.766359763860236853e-01
1.744178668595850468e-01
1.846399517380632460e-01
1.873945319675840437e-01
1.830270169593859464e-01
1.472756439470686018e-01
1.767575490521267056e-01
1.984791179711464792e-01
1.833790825621690601e-01
1.702425567782483995e-01
1.613325188809540123e-01
1.703353640914428979e-01
1.602255734906066209e-01
1.746029929781798273e-01
1.794779810006730258e-01
1.768410668883007020e-01
1.721707043470814824e-01
1.822946528263855726e-01
1.712947275082115084e-01
1.876054482709150761e-01
1.630064527562353760e-01
1.693081179691944271e-01
1.859373775369022042e-01
1.562139829911757261e-01
1.777381583815440536e-01
1.819340769434347749e-01
1.862680796184577048e-01
1.908650092373136431e-01
1.366621702036354691e-01
1.972836002241820097e-01
1.654017427936196327e-01
1.592459138191770762e-01
1.715145990310702473e-01
1.968457676703110337e-01
1.907372721179854125e-01
1.685745397699065506e-01
1.759851540555246174e-01
1.760395613382570446e-01
1.513717107591219246e-01
1.295173234830144793e-01
1.544334178324788809e-01
1.779713953437749296e-01
1.775834199506789446e-01
1.730669086391571909e-01
1.525706334214191884e-01
1.655164259718731046e-01
1.812631584180053324e-01
2.060147197626065463e-01
1.862783538817893714e-01
1.788237809669226408e-01
1.847302800160832703e-01
1.935603906749747694e-01
1.970682392420712858e-01
1.842744004679843783e-01
1.534458904352504760e-01
1.796384492481593043e-01
1.576996854273602366e-01
1.680945132975466549e-01
1.815115440113004297e-01
1.670972844294738024e-01
1.888709857012145221e-01
1.808727500902023166e-01
1.956047072017099708e-01
1.807798887894023210e-01
1.772958758811000735e-01
1.497227101062890142e-01
1.526301788690034300e-01
1.879218318790663034e-01
1.570879817591048777e-01
1.858083785627968609e-01
1.826843491580802947e-01
1.800663350441027433e-01
1.610376125609036535e-01
1.529095199366565794e-01
1.771742942801211029e-01
1.685558642493560910e-01
