5.692660633940249681e-03
3.889388361130841076e-02
1.119231118354946375e-02
2.095460129203274846e-02
3.763240831904113293e-02
1.049655937822535634e-02
1.355709217023104429e-02
8.837891160510480404e-03
1.049178378889337182e-02
2.659754041815176606e-02
4.439646078390069306e-02
2.052096076658926904e-02
5.732382909627631307e-03
3.950060394708998501e-02
-8.230629347963258624e-03
6.330647246795706451e-02
1.470350983436219394e-02
2.747665208880789578e-02
1.278687088051810861e-02
4.370234199450351298e-02
1.312210294418036938e-02
5.507214186945930123e-02
1.960742444498464465e-02
6.335468497127294540e-04
4.732976536615751684e-02
2.978840854484587908e-02
3.429429410607554018e-02
1.075711619341745973e-02
1.361244285362772644e-02
1.655357869458384812e-02
4.927736971876583993e-02
5.028593592578545213e-02
3.141797202988527715e-02
3.032831934979185462e-02
9.616973984520882368e-04
3.139977887622080743e-02
4.055415251059457660e-02
2.266422496177256107e-02
2.600255821016617119e-02
2.076949024922214448e-02
2.673869748832657933e-02
1.550998966558836401e-02
2.245338511420413852e-02
4.655611526686698198e-02
2.784004347631707788e-02
-1.079074875451624393e-02
3.637115264427848160e-02
4.318374063586816192e-02
4.886090027866885066e-03
3.993864860967732966e-02
2.122460777172818780e-02
3.174618331831879914e-02
2.740062947850674391e-02
1.466415863251313567e-02
1.559363116393797100e-02
3.112117081764154136e-02
1.846820017090067267e-02
2.845454469206742942e-02
2.975774448714219034e-02
-3.594165522372350097e-03
2.263302434585057199e-02
8.309992635622620583e-02
2.836699673207476735e-02
2.851329543045721948e-02
-4.582845198456197977e-03
3.668650009785778821e-02
1.612706802552565932e-02
2.660984464455395937e-02
1.464353926712647080e-02
4.557678865967318416e-02
9.027429245179519057e-03
2.324094824143685400e-02
3.874635562533512712e-02
3.464562215958721936e-02
2.196794465999118984e-02
1.180187895079143345e-02
-4.161242104601114988e-03
1.804942701710388064e-02
3.200879786163568497e-02
1.189871606766246259e-02
1.761953634559176862e-02
2.799354560556821525e-02
3.277044289279729128e-02
1.502591973985545337e-02
5.614482000237330794e-02
2.798275492386892438e-02
2.826646118774078786e-02
1.254182690172456205e-02
2.907931874506175518e-02
5.218369071371853352e-02
4.052705186768434942e-02
4.525066117639653385e-02
2.112764961202628911e-02
3.949422345613129437e-02
4.908882023300975561e-02
3.945389692671597004e-02
-7.743457827018573880e-03
2.187376128858886659e-02
2.788224074174650013e-02
3.659360302845016122e-02
