1.129829952842555940e-01
8.885375570389442146e-02
1.323202282364945859e-01
1.287538297765422612e-01
1.253567274834495038e-01
1.343881370557937771e-01
1.136569353402592242e-01
1.129710536624770612e-01
1.295039941032882780e-01
1.040460619260556996e-01
1.419795940455514938e-01
1.215137252293061465e-01
1.023717981588561088e-01
1.080956020159646869e-01
1.412580846517812461e-01
1.005514943681191653e-01
1.249313470325432718e-01
1.293432224192656577e-01
9.696848224848508835e-02
9.987958977581001818e-02
1.286867298767901957e-01
1.277877263783011585e-01
1.167113416886422783e-01
1.002892407122999430e-01
1.031305716314818710e-01
1.061273410450667143e-01
1.262202665093354881e-01
1.355454124277457595e-01
1.301578549609985203e-01
9.063452863483689725e-02
1.095912616292480379e-01
1.335333572351373732e-01
1.343097922799643129e-01
9.626822802238166332e-02
1.247566729434765875e-01
1.128527483961079270e-01
8.968803929747082293e-02
1.136266800749581307e-01
1.468964537489227951e-01
1.198103957285638899e-01
1.072182201023679227e-01
9.363977180328220129e-02
1.148547368356958032e-01
1.092079188092611730e-01
1.051223855465650558e-01
1.295027935702819377e-01
1.380462253873702139e-01
1.235713275673333555e-01
1.095074119803030044e-01
1.446548315288964659e-01
1.151826767018064857e-01
1.440084296045824885e-01
9.496778075117617846e-02
1.104671893990598619e-01
1.072598640748765320e-01
1.080331341945566237e-01
7.592373894294723868e-02
1.290897565777413547e-01
1.381064322486054152e-01
1.053198146983049810e-01
1.052779042511247098e-01
1.375407659215852618e-01
9.596519111073575914e-02
7.708314657793380320e-02
1.053312716539949179e-01
1.151139987341593951e-01
1.186641062377020717e-01
9.556744832661934197e-02
1.142400856479071081e-01
1.228970029042102396e-01
1.174400401359889656e-01
1.597799607552587986e-01
1.202679835841991007e-01
9.555319638457149267e-02
1.241158287448342890e-01
1.517845396301709116e-01
1.418249218259006739e-01
1.436828579462599009e-01
9.265474227140657604e-02
1.173534628178458661e-01
1.005010169465094805e-01
8.903263558750040829e-02
1.466674280818551779e-01
1.276490035234019160e-01
1.233649482019245625e-01
1.135374612640589476e-01
1.202465179667342454e-01
1.237039605621248484e-01
1.078425801533740014e-01
1.092941262177191675e-01
8.616769572836346924e-02
1.266454619180876762e-01
1.021900131308939308e-01
1.201881129527464509e-01
1.385479025775566697e-01
1.178955672367010266e-01
1.125197254295926541e-01
1.243017980887088925e-01
1.100245519774034619e-01
1.324347222980577499e-01
