6.982257621712051332e-01
6.922804848290979862e-01
7.246437745343428105e-01
6.907253503741230816e-01
6.994881338614504784e-01
7.018637288419995457e-01
6.990274979034438729e-01
7.096721848065499216e-01
6.988336992217227817e-01
7.155735461856238544e-01
6.923430351307615638e-01
6.758161135367117822e-01
7.106820828048512340e-01
6.974287692282814533e-01
7.258806649188045412e-01
7.267205882817506790e-01
6.783122885681223124e-01
7.123811324127018452e-01
7.128937597444746643e-01
6.834265687502920628e-01
7.028581270133145154e-01
6.985396459640469402e-01
7.211364132817834616e-01
6.924586190143600106e-01
6.955816214031074196e-01
7.068824311427306384e-01
7.288364265114068985e-01
7.005363739444874227e-01
6.841832795471418649e-01
7.250351865368429571e-01
6.901862920785788447e-01
7.023250026104506105e-01
7.022461294836830348e-01
6.957502609875518829e-01
6.945941223239060491e-01
6.790549578727222979e-01
6.459592023747973144e-01
7.017839561740402132e-01
6.661330531642306596e-01
7.047025836072862148e-01
6.926210373640060425e-01
7.063214132795110345e-01
6.842553414753638208e-01
6.798645482922438532e-01
7.098119664879050106e-01
6.894216217042412609e-01
7.018735117744654417e-01
6.987024627451319247e-01
7.074865092581603676e-01
6.991896227409597486e-01
6.765899055171757936e-01
6.963055612577591091e-01
7.639167422894388437e-01
7.239943149033933878e-01
6.784106981649529189e-01
6.918737813539337367e-01
6.754897011560387909e-01
7.091575454687699676e-01
6.750470926344860345e-01
6.813282423536293209e-01
6.982026210171170533e-01
7.102636341005563736e-01
6.982824568112846464e-01
6.885143755062017590e-01
6.727131458173971623e-01
6.973268185101915151e-01
6.922658416151534766e-01
6.969547264452558011e-01
6.777777640090789646e-01
6.882578668300993741e-01
6.769682652957271785e-01
6.904339569446165115e-01
7.040159134194254875e-01
6.825019500101916492e-01
6.878834453818853945e-01
7.154740129481069744e-01
6.655533149023540318e-01
6.994831461925059557e-01
6.920340358628891408e-01
6.846696431166492403e-01
6.858393418078776449e-01
7.005888407875318080e-01
6.820579168270342052e-01
7.240228453883901238e-01
6.978473608614876866e-01
6.732917828194331378e-01
7.010520802868995816e-01
6.970328045717906207e-01
7.074095621646847576e-01
6.934364890912547708e-01
6.980070769786834717e-01
7.119665676145814359e-01
6.849497469374909997e-01
7.137668316718190908e-01
6.935225318593438715e-01
6.790966266125906259e-01
6.998940014746040106e-01
6.878374738153070211e-01
7.113528064219281077e-01
6.754935514763928950e-01
