1.006312338315183297e+00
1.034739236696623266e+00
1.034011517447652295e+00
1.031365686911158264e+00
1.023613104509422556e+00
1.035255819006124511e+00
1.036805083771469072e+00
1.024979174602776766e+00
1.033525860781082883e+00
1.032377780211390927e+00
1.069548702944302931e+00
1.051280501036671922e+00
1.049687321035889909e+00
1.042311553377658129e+00
1.026492089062230662e+00
1.052252304070862010e+00
9.947998615389224142e-01
1.040898596722399816e+00
1.024442850786726922e+00
9.981419266841839999e-01
9.987521827279124409e-01
1.024512600473826751e+00
1.070788508717669174e+00
1.039011905173538253e+00
1.044260040740482509e+00
1.058156136539764702e+00
1.022873231006087735e+00
1.049552905024029315e+00
1.035845293692545965e+00
1.023386886547086760e+00
1.045803171698935330e+00
1.038319024490192533e+00
1.050133608194300905e+00
1.004778070637257770e+00
1.051746563258348033e+00
1.056551573157776147e+00
1.021014994010329247e+00
1.066506235394626856e+00
1.029208618827397004e+00
1.022422373673180118e+00
1.022130905825179070e+00
1.022326115751639009e+00
1.032482463633641601e+00
1.047311394679127261e+00
1.038021445187041536e+00
1.048234045476419851e+00
1.020435141748748720e+00
1.027485054946737364e+00
1.052172387280734256e+00
1.055333917232928798e+00
1.019247662072302774e+00
1.018283740006154403e+00
1.039780823746696115e+00
1.052274740417487919e+00
1.054302297590766102e+00
1.040432469017105177e+00
1.030775770137552172e+00
1.037645604053977877e+00
1.044036365434294567e+00
1.037720041815191507e+00
1.053469292237423360e+00
1.032019417820265517e+00
1.053796562424395233e+00
1.039964534371392801e+00
1.009164167218841612e+00
1.036648647976107895e+00
1.028937179769854993e+00
1.055907330446643755e+00
1.036253891215892509e+00
1.056510750233428553e+00
1.033695958525640890e+00
1.056190719624282792e+00
1.036159559502266347e+00
1.025546911638230085e+00
1.010004676994867623e+00
1.023254046041984111e+00
1.013631965237436816e+00
1.041969988058554009e+00
1.045110655570169911e+00
1.061260008427780122e+00
1.012189498374937102e+00
1.041241118800826371e+00
1.039671524486038834e+00
1.060813980642706156e+00
1.050213140289997682e+00
1.030355113936820999e+00
1.020424428774276748e+00
1.046969556860858575e+00
1.043478894338477403e+00
1.041220048966351897e+00
1.027370535157388076e+00
1.029386124107986689e+00
1.050357134517980739e+00
1.044859243673272431e+00
1.025889231590554118e+00
1.023841500980779529e+00
1.041190625401213765e+00
1.034297137288376689e+00
1.037115011888090521e+00
1.016238361684372649e+00
