-2.204717294080182910e-02
-2.201098599471151829e-03
8.119927893858402967e-03
7.645967241842299700e-03
2.762924300623126328e-02
6.780588591936975718e-04
-1.742632981040515006e-02
-4.090299509698525071e-03
1.726819438044913113e-02
1.736832770984619856e-02
3.049081366043537855e-03
-2.620696017402224243e-02
-4.223775031277909875e-03
-1.265876923571340740e-02
-6.427878543036058545e-03
3.788867170806042850e-02
-1.739395558251999319e-02
-2.286581354564987123e-02
9.147269738605245948e-03
3.050344210350885987e-03
2.461489581037312746e-03
1.100705561111681163e-02
1.335534625104628503e-02
2.468493129708804190e-02
4.596116952598094940e-03
1.115648075938224792e-02
6.739756412571296096e-03
-1.353228639345616102e-02
-2.538689092034474015e-03
-7.552170136477798223e-03
1.853321105591021478e-02
1.105502687278203666e-02
-5.729418742703273892e-03
4.144210834056138992e-03
-3.100078459829092026e-02
1.526062216726131737e-02
1.632307798718102276e-02
2.486222423613071442e-03
-9.448378812521696091e-03
1.368060056120157242e-02
6.736770301358774304e-03
-2.871437987778335810e-03
3.081103961449116468e-03
5.561965983361005783e-03
2.282683548401109874e-02
-3.813604576862417161e-02
-1.235525950323790312e-02
4.102664507809095085e-02
-1.747850884567014873e-02
2.823270999942906201e-02
-1.750348476343788207e-02
-6.868958240374922752e-03
2.241079576197080314e-02
-1.439675397705286741e-04
-2.205963159212842584e-02
4.382408078527078032e-03
2.369539428036659956e-02
-2.342755664722062647e-02
-1.600272912764921784e-02
-1.503183611202985048e-02
-1.907188791665248573e-02
2.599801024189218879e-02
1.644405847764573991e-02
2.016052691033110023e-03
-1.276634004898369312e-02
8.882228576112538576e-04
1.817650807788595557e-02
2.049234669539146125e-02
-1.187807656242512167e-02
3.581219233456067741e-02
-1.809094741474837065e-02
-1.798201096244156361e-02
-7.241002836963161826e-03
-7.751227676635608077e-03
-1.419979138881899416e-02
-2.133866795338690281e-02
-2.219087706180289388e-02
1.907539460808038712e-02
4.375492077087983489e-03
7.250020280480384827e-03
1.054259302327409387e-02
-3.375949047040194273e-03
1.171729163615964353e-02
1.302940491586923599e-02
3.213800556841306388e-02
-2.330494608031585813e-03
3.119545057415962219e-03
-1.227011170703917742e-02
-2.547005607630126178e-02
2.582356840139254928e-02
4.579045431455597281e-03
2.419696206925436854e-02
2.559741222648881376e-02
6.583588488865643740e-03
2.635171043220907450e-02
2.650961122708395123e-02
-2.449148264713585377e-02
-5.277479154756292701e-03
-5.929720529820770025e-03
-9.818162216106429696e-03
