1.771671648020856082e-01
2.082049330638255924e-01
1.922923006641212851e-01
1.782742448849603534e-01
1.708045562263578176e-01
2.016510219837073237e-01
1.659662285237573087e-01
1.754314163117669523e-01
1.616481181117706001e-01
2.150145205669105053e-01
1.699023894616402686e-01
1.813546771008986980e-01
1.963835745118558407e-01
1.641047422890551388e-01
1.751388756965752691e-01
1.848577015916816890e-01
1.836079323256853968e-01
1.588696701801382005e-01
1.691977376176510006e-01
1.815584491996560246e-01
1.989081770007032901e-01
1.609508939436636865e-01
2.043692056904546916e-01
1.731137480528559536e-01
1.857561065116897225e-01
1.773677477904129773e-01
1.756472250854130834e-01
1.672842700209002942e-01
1.837939092365559191e-01
1.869440299342386425e-01
1.855815979652106762e-01
1.965533394541125745e-01
1.890116777212824672e-01
2.093258613895159215e-01
2.111552007845602930e-01
1.784423482022248209e-01
2.058539021818432957e-01
1.955649953160900623e-01
1.840834777394775301e-01
2.006555425468832254e-01
2.007930543913971633e-01
1.977609773457515985e-01
1.787625983706675470e-01
2.098940126306843013e-01
1.829958603484556079e-01
1.643478882615454495e-01
1.643242196296341717e-01
1.801048277120571584e-01
1.695267084869556129e-01
1.583552582887932658e-01
1.946478563477285206e-01
1.935867494903504848e-01
1.667471580149140209e-01
1.915024841146077961e-01
2.031125824723858386e-01
1.906013843254186213e-01
2.104941928409971297e-01
1.953459226933773607e-01
1.980814969283528626e-01
1.771575088787358254e-01
1.647256569704040885e-01
1.676614686439279467e-01
1.586783740494865924e-01
2.023987962165847421e-01
1.889989511983003467e-01
1.742808771377895027e-01
1.752609555260278285e-01
1.713330022466834635e-01
2.034988644591066986e-01
1.948680533096194267e-01
1.908259890915360302e-01
1.775827975943684578e-01
1.705261363822501153e-01
2.035892721614800394e-01
1.746303937979973853e-01
1.655726298340596259e-01
2.022030400985386223e-01
1.804683564987499267e-01
1.698972203885205090e-01
1.892279227613471448e-01
2.108011238742619753e-01
1.853604895877651870e-01
2.142276171944104135e-01
1.897415481216739863e-01
1.897999060456641018e-01
1.891340801084879786e-01
1.827780132589396089e-01
1.677303606702480465e-01
1.860002904140856117e-01
1.678417010989505798e-01
1.624649878067430109e-01
1.810302558587864041e-01
1.781483750382903963e-01
1.490403589268680662e-01
1.833979235379956663e-01
2.002729274972807616e-01
1.833136933564674109e-01
1.753396801359485835e-01
1.498689867439679801e-01
1.871921329293400049e-01
