5.309324714471586049e-02
8.311031432822346687e-02
7.439453608822077513e-02
4.755548582761548460e-02
4.215279789059422910e-02
8.102031424641609192e-02
4.340823352686129510e-02
5.686280457302927971e-02
3.792846106807701290e-02
8.863784174900501966e-02
5.223983398173004389e-02
5.285684711998328567e-02
7.912938768276944757e-02
4.803795620682649314e-02
4.890052351402118802e-02
7.204882145742885768e-02
6.531793592148460448e-02
7.213617773959413171e-02
6.004078447585925460e-02
7.828017460997216403e-02
7.463558268500491977e-02
4.836840977077372372e-02
8.616917041945271194e-02
4.983827596879564226e-02
8.757725378382019699e-02
8.541517111007124186e-02
5.000020877923816442e-02
6.080315733561292291e-02
7.097805256489664316e-02
7.450709171826019883e-02
7.855157647281885147e-02
7.773584150709211826e-02
6.642703153192996979e-02
9.835419629234820604e-02
1.009697779081761837e-01
5.476468228152953088e-02
1.002346818859223276e-01
1.098392775747925043e-01
5.320445986581034958e-02
6.825478811515495181e-02
9.235577011713758111e-02
7.509864802705124021e-02
6.611184118082746863e-02
9.527998254634439945e-02
7.156115671386942267e-02
6.885348065407015383e-02
5.789175751851871610e-02
7.653289314475841820e-02
4.232028010301291943e-02
5.789173403172753751e-02
6.647466489812359214e-02
7.786790400859899819e-02
4.269439281779341400e-02
4.979020156315527856e-02
1.007939195551443845e-01
6.999931496102362871e-02
7.637675068690441549e-02
7.383106561610475183e-02
6.679197403718717396e-02
5.713676457526162267e-02
6.381321061053313315e-02
6.213108249357901514e-02
4.790637252153828740e-02
9.175290196435526013e-02
6.101016275351867080e-02
8.263599316705949605e-02
8.082100100000388920e-02
4.032289859605953097e-02
7.853793021058663726e-02
9.578718387638218701e-02
7.599338665022514760e-02
6.098022565129213035e-02
4.050473953248001635e-02
8.167055473313666880e-02
5.555865302449092269e-02
5.717486797948367894e-02
7.269477884983643889e-02
6.825803421088494360e-02
5.590191943338140845e-02
6.595352085423655808e-02
8.587216868181712925e-02
5.688507924787700176e-02
8.864235196961089969e-02
6.828429375309497118e-02
4.008078080369159579e-02
8.097753862966783345e-02
7.452618199749849737e-02
4.543605382787063718e-02
8.367255268967710435e-02
5.518486129585653543e-02
4.858035701909102499e-02
7.825002106255851686e-02
6.406478278222493827e-02
5.597329777083359659e-02
6.291744270129129291e-02
9.071048683836124837e-02
5.054132314398884773e-02
6.934531577280722558e-02
4.525543472846038640e-02
5.618485799641348422e-02
