4.870132240466773510e-02
1.185466517927125096e-02
5.178690538741648197e-03
2.481988040381111205e-02
3.625439159804955125e-03
1.387933432124555111e-02
4.236141007277183235e-02
2.364484762074425817e-02
2.963122710934840143e-02
-5.972760671284049749e-03
2.336297678994014859e-02
3.139082479174248874e-02
6.152827880578115582e-02
9.447966265724971890e-03
1.620988117065280676e-02
3.614807184203527868e-02
2.388237591367214918e-02
2.786292476230300963e-02
1.191489939810708165e-02
7.536195073043927550e-02
5.483029995230026543e-02
2.030813705641776323e-02
2.844734175596386194e-02
3.532030957285314798e-02
8.645023888675495982e-03
3.528080385876819491e-02
3.790137590840458870e-03
4.849502624711021781e-02
2.383641031337901950e-02
1.310205814661458135e-02
3.170982454321347177e-02
4.293892573332414031e-02
3.086930431891232729e-02
-4.362527129705995321e-02
2.103372343117371202e-02
3.380343201570212841e-02
2.859473216813057661e-02
3.978323462069965899e-02
1.199831953272223473e-02
3.725909977219998837e-03
2.644940037862397730e-02
1.334930447046644986e-02
2.211888445890508592e-02
4.465531444293446839e-02
1.875334748183377087e-02
1.507132258848287165e-02
1.920062635326758027e-02
3.763942627119831741e-02
5.495092482306063175e-04
3.753641678486019373e-02
4.187607395579107106e-02
5.676643722108565271e-02
-6.261358794290572405e-04
4.363846525666303933e-02
1.237765362020581961e-02
4.263962025288492441e-02
3.697567584458738565e-02
2.682638031546957791e-02
3.900177797186188400e-02
5.585640814388170838e-03
5.682151945075020194e-02
2.114935155259445310e-02
3.935807765810750425e-02
3.848088652011938393e-02
2.120550631661899388e-02
4.897814325522631407e-02
8.169258013367652893e-03
2.139281321433372796e-02
5.772742122644558549e-02
1.524117102962918580e-02
-7.910092943347990513e-03
2.286111732246354222e-02
2.484967335476540029e-02
1.905676044407300651e-02
7.627431565197184682e-03
5.361972056562080979e-03
1.765477133449167013e-02
4.037334764143452048e-02
8.834473381284624338e-03
-9.649076091591268778e-04
1.072533888509497046e-02
4.226387303788214922e-02
4.452042252523824573e-03
1.665742765180766582e-02
-6.945917586563155055e-03
1.701552618760615587e-02
7.941628320259042084e-02
3.553617486613802612e-02
5.066403246019035578e-04
2.547863763174973428e-02
4.346503026317805052e-02
4.713704445748589933e-02
-7.283645390998572111e-04
3.750484238844364882e-02
2.594963784213177860e-02
4.120436953962780535e-02
2.890404564095661044e-02
6.884309754241257906e-03
3.476715344004333019e-02
4.208999569527804852e-02
