-1.926392881432548165e-02
-2.918611533823423088e-02
2.288419404067099094e-03
-3.887169339577667415e-02
-2.292230891180224717e-02
-3.367983148200437427e-02
-5.253411250305362046e-02
-2.439405262703076005e-02
-1.181856979383155704e-02
-4.471228978945873678e-02
-3.592353960266336799e-02
-2.932477821013890207e-02
-3.103944752365350723e-02
-6.807783822296187282e-03
-1.116587762953713536e-02
-4.363702441332861781e-02
-4.022585024358704686e-02
-2.768797587486915290e-02
-3.873612178722396493e-03
-6.909605854889377952e-02
-3.307665523607283831e-02
-2.794322554836980999e-02
-1.350054488284513354e-02
-3.350936077185906470e-02
-2.466330002062022686e-02
-1.196407905081287026e-02
-4.915921817882917821e-02
-2.689880150137469172e-02
-2.542263880604878068e-02
-1.831211635726504028e-02
-1.125872187549248338e-02
-3.466497149202041328e-02
-1.722936311853118241e-02
-3.438560181530192494e-02
-4.838257137453183532e-02
-1.147706061601638794e-03
-2.782973996363580227e-02
-5.056771254749037325e-02
-1.595197201822884381e-02
-3.954000564408488572e-02
-2.453664629138074815e-02
-1.842535653850063682e-02
-4.854637413518503308e-02
-1.644957621465437114e-02
-4.416272250819019973e-02
-1.373778405832126737e-02
-3.023584649781696498e-02
-1.822645025094971061e-02
-2.891303665819577873e-02
-4.204241291154175997e-02
-2.693969613756053150e-02
-4.030487738782539964e-02
-2.721004156046546996e-02
-3.040691654314287007e-02
-2.372803902835585177e-02
-3.175696250400505960e-02
-6.289573342655785382e-02
-4.092047642916440964e-02
-3.483830124605447054e-02
-4.765875346492975950e-04
-2.872397575993090868e-02
-2.845586254261434078e-02
-2.941099405870772898e-02
-4.359257340547628701e-02
-3.344470262527465820e-02
-2.194267659797333181e-02
-6.145898828981444240e-02
-4.586868130718357861e-02
-2.508938466780818999e-02
-1.865783135872334242e-02
-2.657702291617169976e-02
-3.283202147576957941e-02
-5.656336678657680750e-02
-2.763529945514164865e-02
-3.059782637865282595e-02
-3.318052904796786606e-02
-3.922264152788557112e-02
-3.466391933034174144e-02
-4.768068061093799770e-02
-2.481250910204835236e-02
-2.626960675115697086e-02
-4.516225479892455041e-02
-1.656352716963738203e-02
-1.155299748643301427e-02
-2.116061537526547909e-02
-3.358890122035518289e-02
-7.246376510011032224e-03
-3.240499063394963741e-05
-3.508160437922924757e-02
-5.820942460559308529e-03
-3.931884374469518661e-02
-4.181233671260997653e-02
-3.544708224944770336e-02
-4.616296634776517749e-02
-4.462126438738778234e-02
-1.865125770564191043e-02
-1.507269323337823153e-02
-1.398159650852903724e-02
-3.558524648542515934e-02
-5.892317392863333225e-03
