2.469806198496371508e-02
6.809260492445901036e-03
3.390461206436157227e-03
-2.015061079873703420e-02
-9.552174684358760715e-03
-2.098303398815914989e-02
1.198632409796118736e-03
-1.053428818704560399e-02
1.463653086102567613e-02
-1.580824804841540754e-02
-3.539014133275486529e-02
2.169990784022957087e-02
5.937694048043340445e-03
1.187441073125228286e-02
6.726657738909125328e-04
-1.794075444922782481e-02
-2.902579592773690820e-02
1.433688771794550121e-02
2.833521566935814917e-02
-3.017401933902874589e-02
-1.993187266634777188e-02
8.357644022908061743e-03
8.566949545638635755e-03
-1.011036345153115690e-02
8.469731430523097515e-03
1.575290027540177107e-02
4.498299967963248491e-03
-1.026832283241674304e-02
4.676166106946766376e-03
1.876168625312857330e-02
-1.922981630195863545e-02
-1.264678477309644222e-02
2.074903485481627285e-02
6.505172030301764607e-03
-2.075095279724337161e-02
4.161182796815410256e-02
3.649702441180124879e-03
-1.199840853223577142e-02
9.958663344150409102e-03
1.079812401439994574e-02
3.604588535381481051e-03
2.320263825822621584e-03
-2.403374141431413591e-02
2.575842285295948386e-03
-9.337484225397929549e-03
2.001754677621647716e-02
-2.377305334084667265e-02
3.508258669171482325e-03
-2.172782900743186474e-02
-1.091499382164329290e-02
2.009031394845806062e-02
1.171048497781157494e-03
-1.428177929483354092e-03
-7.181957422289997339e-03
1.272293794318102300e-02
1.957983273314312100e-02
-5.974180198973044753e-02
-9.004010993521660566e-03
1.992676753434352577e-02
1.140770618803799152e-02
8.581594156567007303e-04
-6.008638330968096852e-03
-1.082680944819003344e-03
-4.702289035776630044e-03
2.294217154849320650e-02
1.685455237748101354e-03
-3.069594793487340212e-02
-4.013649915577843785e-03
7.032822177279740572e-03
1.505451899720355868e-02
1.856256829341873527e-03
3.294172842288389802e-03
-2.108269912423565984e-02
1.712310072616674006e-02
1.907908037537708879e-03
6.093073461670428514e-03
-1.647253445116803050e-02
-2.125380487996153533e-02
-1.209073999780230224e-02
-2.449592712218873203e-02
4.256463726051151752e-04
-1.787935048923827708e-02
1.767691719578579068e-02
2.648465745733119547e-02
3.040789754595607519e-02
-8.340788190253078938e-05
2.400927609414793551e-02
7.151586492545902729e-02
1.215166557813063264e-02
1.078295145998708904e-02
-1.276215715915895998e-02
5.472034448757767677e-03
-1.739163522142916918e-02
-4.731930530397221446e-03
-6.543730443809181452e-03
1.161471530213020742e-02
-2.966410247609019279e-03
3.131820345879532397e-02
1.237283440423198044e-02
2.956923242891207337e-03
