7.378473073185887188e-01
7.327922459517139941e-01
7.547202511050272733e-01
7.314679263217840344e-01
7.377726821287069470e-01
7.281798387120943516e-01
7.339158805843908340e-01
7.285335767955984920e-01
7.343408891174476594e-01
7.679676977859344333e-01
7.332836328423582017e-01
7.084190670284442604e-01
7.239965559274423867e-01
7.365989342797547579e-01
7.749767885252367705e-01
7.513850830146111548e-01
7.238170397758949548e-01
7.450110460922587663e-01
7.545444582356140018e-01
7.069328751822467893e-01
7.488427400530781597e-01
7.257835763448383659e-01
7.321340191992931068e-01
7.346105421602260321e-01
7.204439732013270259e-01
7.215694510377943516e-01
7.555953529081307352e-01
7.453391969029325992e-01
7.295040104945655912e-01
7.612458000367041677e-01
7.303849204909056425e-01
7.232950683974195272e-01
7.439549958507996053e-01
7.234757076948881149e-01
7.299989672901574522e-01
7.174335672170855105e-01
6.936407033645082265e-01
7.396472065884154290e-01
7.302380558103322983e-01
7.376787115354090929e-01
7.207400301995221525e-01
7.537157628976274282e-01
7.182960354548413306e-01
7.156886461889371276e-01
7.491617246123496443e-01
7.373849338036961854e-01
7.287441656517330557e-01
7.482002127508167177e-01
7.645501045335549861e-01
7.294423207640647888e-01
7.367546422465238720e-01
7.155812838464044034e-01
7.911247063893824816e-01
7.286052284180186689e-01
7.171345062961336225e-01
7.208390696614515036e-01
7.244257889979053289e-01
7.697748238570056856e-01
7.145282980927731842e-01
7.337700388452503830e-01
7.241247783240396529e-01
7.487339328508824110e-01
7.608795275154989213e-01
7.171574993117246777e-01
7.110871978220529854e-01
7.401517501566559076e-01
7.376139133702963591e-01
7.362226665718480945e-01
7.282085270271636546e-01
7.267329078749753535e-01
7.358717122406233102e-01
7.277877371816430241e-01
7.433258552337065339e-01
7.160639025387354195e-01
7.358287435199599713e-01
7.604133185523096472e-01
7.130642555712256581e-01
7.442283784621395171e-01
7.222054156882222742e-01
7.311197929375339299e-01
7.141667163232341409e-01
7.287241904414258897e-01
7.118137666257098317e-01
7.555750850588083267e-01
7.140687521896325052e-01
6.835096392023842782e-01
7.592382677830755711e-01
7.551585360779426992e-01
7.630609147308859974e-01
7.469197303289547563e-01
7.255713700724299997e-01
7.524976302520371974e-01
7.336567219754215330e-01
7.492105925048235804e-01
7.344699215318541974e-01
7.219055649184156209e-01
7.274919945921283215e-01
7.248318759957328439e-01
7.386232666322030127e-01
7.182541030051652342e-01
