-7.604023092426359653e-03
-2.282955817645415664e-02
1.623008545720949769e-03
-9.829200280364602804e-03
-1.848575504845939577e-02
-1.324550283607095480e-02
-2.690776603412814438e-02
5.041358468588441610e-03
3.859140910208225250e-03
-2.666891034459695220e-02
-2.881238149711862206e-02
8.295714564155787230e-03
-2.342338068410754204e-02
-1.277668241527862847e-02
-4.262500966433435678e-03
-3.585786352050490677e-02
-2.857986575691029429e-02
8.262526040198281407e-03
1.832616896717809141e-02
-4.637579296831972897e-02
-1.439855757053010166e-02
1.331012422451749444e-02
9.142216760665178299e-03
-2.846162050263956189e-02
-1.228568638907745481e-03
8.756729454034939408e-03
-3.067051584366708994e-03
-1.862979112775065005e-02
-6.029018928529694676e-03
-8.396427147090435028e-04
-2.289714501239359379e-02
-2.769824105780571699e-02
3.623038443038240075e-03
-3.090236178832128644e-02
-2.403815498109906912e-02
3.494081235839985311e-02
-6.434082722989842296e-03
4.062838444951921701e-03
1.123788481345400214e-02
1.432514426414854825e-02
-4.882177861873060465e-03
-2.340471546631306410e-03
-2.286907055531628430e-02
-2.098724886309355497e-03
-1.269204088021069765e-02
2.034568614908494055e-02
-2.017772875842638314e-02
-5.297478171996772289e-03
-1.238215542980469763e-02
-2.286406522034667432e-02
1.531785551924258471e-02
4.657253273762762547e-03
-1.477890537353232503e-02
-1.053907186724245548e-02
2.026351785752922297e-02
1.740555017022415996e-02
-3.524900515913031995e-02
-1.216605200897902250e-02
9.510739851975813508e-03
5.291779118124395609e-03
1.551711908541619778e-02
-1.163740028277970850e-02
-8.694854303030297160e-03
-1.822959256242029369e-02
-1.777052471879869699e-02
-2.300084504531696439e-02
-1.926442419062368572e-02
-4.038056131685152650e-02
-9.982676972867920995e-03
6.304826762061566114e-03
1.366287781274877489e-02
-2.221414787345565856e-02
-2.618405679822899401e-02
-9.896587609546259046e-03
-1.124297647038474679e-02
-9.239456558134406805e-04
-3.581750506418757141e-02
-1.235892486874945462e-02
-1.342239457881078124e-02
-5.625714216148480773e-02
6.292266800301149487e-03
-5.307978397468104959e-03
1.781119767110794783e-02
1.118984672939404845e-02
2.627287438372150064e-02
-6.843574054073542356e-03
1.038901551510207355e-02
4.073480036458931863e-02
-1.997801975812762976e-02
7.609112391946837306e-03
-2.703759018913842738e-02
-4.941503517329692841e-03
-3.066362798563204706e-02
-1.681116226245649159e-02
-1.739733415888622403e-02
-1.608878152910619974e-02
-2.381729078479111195e-03
1.207326911389827728e-02
-4.884689958998933434e-03
1.335837005171924829e-03
