1.177967800467740744e-01
1.362242177128791809e-01
1.540331639116629958e-01
1.131299206754192710e-01
1.384374825574923307e-01
1.419068134273402393e-01
1.267018603684846312e-01
1.200049547769594938e-01
1.318231374898459762e-01
1.282220989523921162e-01
1.459712061041500419e-01
1.468525901145767421e-01
1.401322275924030691e-01
1.555352814320940524e-01
1.380545399442780763e-01
1.416618952644057572e-01
1.261040800600312650e-01
1.455970284005161375e-01
1.300496141775511205e-01
1.167185915983282030e-01
1.164046698249876499e-01
1.202710653014946729e-01
1.301815934421028942e-01
1.345577086322009563e-01
1.239609565818682313e-01
1.288781236216891557e-01
1.445495190273504704e-01
1.331293417024426162e-01
1.479346157575491816e-01
1.240171129757072777e-01
1.428242388356011361e-01
1.324287496972829103e-01
1.121518310392275453e-01
1.544616611208766699e-01
1.615978565532714128e-01
1.334740190068259835e-01
1.123198807763401419e-01
1.184275127307046205e-01
1.052646016469225287e-01
1.382226525165606290e-01
1.133327104616910219e-01
1.609057604800909758e-01
1.522970031364820898e-01
1.359027710277587175e-01
9.954467002535238862e-02
1.286400900280568749e-01
1.089175505912862718e-01
9.774097401532344520e-02
1.368647718336433172e-01
1.433702085050754249e-01
1.603916543826926500e-01
1.229366397601552308e-01
1.295019395183771849e-01
1.528680726769380271e-01
1.592466570436954498e-01
1.100109566468745470e-01
1.205644622386898845e-01
1.805598646169528365e-01
1.539765148190781474e-01
1.525031605851836503e-01
1.002765526936855167e-01
1.617660146148409694e-01
8.866671929717995226e-02
9.446913545252755284e-02
1.553511193778831512e-01
1.527763542544562370e-01
1.205170312023255974e-01
1.119373881083447486e-01
1.220374863187316805e-01
1.150583986891433597e-01
1.354460034053772688e-01
1.395464733650442213e-01
1.603146556590218097e-01
1.578357361140660942e-01
1.232890509709250182e-01
1.387334415630903095e-01
1.424602950282860547e-01
1.369065769540611655e-01
1.257569086155854166e-01
1.034826024551875889e-01
1.205839624162763357e-01
1.508401195169426501e-01
1.343838366155978292e-01
1.580284847004804760e-01
1.396444134588818997e-01
1.072391509951557964e-01
1.487682342121843249e-01
1.507205168891232461e-01
1.403197181643918157e-01
1.343549580487888306e-01
1.267506740987300873e-01
1.352087727573234588e-01
1.315266053134109825e-01
1.737419467535801232e-01
1.416885052749421448e-01
8.417831524275243282e-02
9.403401392046362162e-02
1.330853212566580623e-01
1.518448797578457743e-01
1.144695752009283751e-01
