1.978210534725803882e-01
2.152244934404734522e-01
2.147647319070529193e-01
2.072262479341588914e-01
1.773280865454580635e-01
2.240229465533047915e-01
1.923324740200769156e-01
2.057593776553403586e-01
1.918945415818598121e-01
2.245467886386904866e-01
1.928489752754103392e-01
2.164518934441730380e-01
2.111988876131363213e-01
1.986993656610138714e-01
2.137609040655661374e-01
2.122825326514430344e-01
2.206703136325813830e-01
1.983605507120955735e-01
2.158275324618443847e-01
1.971697972912807018e-01
2.128905935387592763e-01
1.914564168837387115e-01
2.236506411572918296e-01
1.884904668841045350e-01
2.019640828657429665e-01
1.847270120633766055e-01
1.989973214804194868e-01
1.895893837790936232e-01
2.077969553938601166e-01
2.060954150510951877e-01
1.952554536983370781e-01
2.033375488244928420e-01
2.047289540350902826e-01
2.241567030723672360e-01
2.190541793243028224e-01
2.106535415805410594e-01
1.971665255259722471e-01
2.244691956439055502e-01
2.122582699812483042e-01
2.108216119231656194e-01
2.137627236952539533e-01
2.063420090125873685e-01
1.934551228187046945e-01
2.224120424652937800e-01
2.048900237423367798e-01
1.886838713544420898e-01
1.837293019925709814e-01
2.045248250069562346e-01
2.034999846073333174e-01
1.939068168576341122e-01
2.070043556159362197e-01
2.016048536170274019e-01
1.714410909917205572e-01
2.119664869387634099e-01
2.238950429018586874e-01
1.891795688716229051e-01
2.349417337973136455e-01
2.168679955357220024e-01
2.014373901474755257e-01
2.223913485941011459e-01
1.909885809291154146e-01
2.019461061281617731e-01
1.952755351085215807e-01
2.132944935583509505e-01
2.225255011289846152e-01
2.087688791507389396e-01
1.999653201492037624e-01
1.779905914154369384e-01
2.126938417495694011e-01
1.999595830566249788e-01
2.155032279551960528e-01
2.159981747972778976e-01
1.768597027112264186e-01
2.078593770274892449e-01
2.029812420369125903e-01
1.909566213435027748e-01
2.026766913768369704e-01
2.095218598842620850e-01
1.892790427664294839e-01
2.191359402495436370e-01
2.274920654890593141e-01
1.855809225235134363e-01
2.311265257885679603e-01
2.092591847467701882e-01
2.111590345739386976e-01
2.061121950682718307e-01
2.021785455872304738e-01
2.043877988180611283e-01
2.160230392764788121e-01
1.992489083204418421e-01
1.968269261124078184e-01
2.076472818152979016e-01
2.000873754732310772e-01
1.880778857448603958e-01
2.012026286683976650e-01
1.949281498673371971e-01
2.095772089378442615e-01
1.889092895726207644e-01
1.752810071047861129e-01
2.036231485253665596e-01
