4.132308062980882823e-02
2.012992987874895334e-02
2.600494486978277564e-02
3.955879950080998242e-02
3.634741206769831479e-02
4.544720210833474994e-02
1.608782366383820772e-02
6.087849545292556286e-02
1.288188697071745992e-02
3.226675733458250761e-02
4.682218658854253590e-02
2.911665066494606435e-02
5.327008434687741101e-02
6.088415422709658742e-02
4.376593951019458473e-02
2.841438664472661912e-02
1.953948108712211251e-02
1.152344577712938190e-02
4.616079080733470619e-02
4.225735511863604188e-02
3.004540296387858689e-02
3.464524599257856607e-02
3.493194066686555743e-02
2.275618480052798986e-02
3.917001784429885447e-02
2.912661959999240935e-02
5.145042159711010754e-02
3.715620352886617184e-02
1.464064564788714051e-02
-4.826440155738964677e-03
5.068572555319406092e-02
1.880558609263971448e-02
2.809676490142010152e-02
3.005552079412154853e-02
2.362172064022161067e-02
-2.589602197986096144e-03
1.017644186504185200e-02
3.874571376945823431e-02
2.615174674428999424e-02
4.933851800160482526e-03
1.086416345788165927e-02
2.625006638118065894e-02
6.135426304535940289e-02
2.212735341163352132e-02
4.658074662438593805e-02
4.031445630243979394e-02
1.702596730319783092e-02
3.061806279583834112e-02
3.357166156638413668e-02
3.757658862741664052e-02
2.773187434650026262e-02
3.250610301620326936e-02
3.987590488395653665e-02
2.298331315978430212e-02
3.263146517565473914e-02
4.308399072033353150e-02
5.647172918543219566e-02
3.853715932928025723e-02
7.356555308797396719e-02
2.723468784824945033e-02
5.446480380487628281e-02
4.323191291769035161e-02
4.087425855686888099e-02
2.269485426950268447e-02
4.613470932235941291e-02
3.710057941498234868e-02
2.894510840997099876e-02
2.752135720220394433e-02
4.325031465850770473e-02
3.914460656233131886e-02
1.339763708529062569e-02
4.437328956555575132e-03
2.221814260701648891e-02
3.465845793834887445e-02
6.014562421478331089e-02
5.560847313608974218e-02
6.260588500299490988e-02
-5.451093602459877729e-03
1.609884420759044588e-02
3.007136500673368573e-02
1.952653782791458070e-02
-1.751522856648080051e-02
4.668002700782380998e-02
2.514679654268547893e-03
2.115098858484998345e-02
2.349901347770355642e-02
1.365403103409335017e-02
4.876276923459954560e-02
1.337127864826470613e-02
4.827775064040906727e-02
2.711260772775858641e-02
2.819531213026493788e-02
2.689971824293024838e-02
5.519171291962265968e-02
-5.003945901989936829e-03
6.918006725027225912e-02
2.161024074302986264e-02
4.077400526148267090e-02
3.201694670133292675e-02
4.019654530566185713e-02
